#Coverage	Number of genomic locations
0.0	2.311262833E9
1.0	3.62950818E8
2.0	2.40088413E8
3.0	9.4618146E7
4.0	6.8386179E7
5.0	3.381396E7
6.0	2.4604082E7
7.0	1.4615809E7
8.0	1.0834317E7
9.0	7416851.0
10.0	5756237.0
11.0	4442702.0
12.0	3641577.0
13.0	3039636.0
14.0	2620103.0
15.0	2303031.0
16.0	2064140.0
17.0	1876669.0
18.0	1732964.0
19.0	1605690.0
20.0	1497338.0
21.0	1410966.0
22.0	1343254.0
23.0	1272195.0
24.0	1210363.0
25.0	1156600.0
26.0	1111290.0
27.0	1069258.0
28.0	1033802.0
29.0	996487.0
30.0	959770.0
31.0	927675.0
32.0	900221.0
33.0	875133.0
34.0	847944.0
35.0	826379.0
36.0	803097.0
37.0	781062.0
38.0	761419.0
39.0	741604.0
40.0	724067.0
41.0	709112.0
42.0	690881.0
43.0	675872.0
44.0	663955.0
45.0	648400.0
46.0	636807.0
47.0	624577.0
48.0	611596.0
49.0	599527.0
50.0	588009.0
51.0	577961.0
52.0	568418.0
53.0	559622.0
54.0	548909.0
55.0	542352.0
56.0	531684.0
57.0	523238.0
58.0	514831.0
59.0	506945.0
60.0	499468.0
61.0	493842.0
62.0	486335.0
63.0	477551.0
64.0	472137.0
65.0	465159.0
66.0	458162.0
67.0	453205.0
68.0	447226.0
69.0	441644.0
70.0	436666.0
71.0	429920.0
72.0	424900.0
73.0	420573.0
74.0	415576.0
75.0	409958.0
76.0	404893.0
77.0	399953.0
78.0	396982.0
79.0	392657.0
80.0	387726.0
81.0	385110.0
82.0	381334.0
83.0	377037.0
84.0	373258.0
85.0	368719.0
86.0	365148.0
87.0	360683.0
88.0	358405.0
89.0	353779.0
90.0	351723.0
91.0	346034.0
92.0	343667.0
93.0	340124.0
94.0	338036.0
95.0	334855.0
96.0	332791.0
97.0	329760.0
98.0	327816.0
99.0	323854.0
100.0	321430.0
101.0	318090.0
102.0	316154.0
103.0	312371.0
104.0	310020.0
105.0	307567.0
106.0	305103.0
107.0	305083.0
108.0	302294.0
109.0	300202.0
110.0	297129.0
111.0	295451.0
112.0	291595.0
113.0	291119.0
114.0	288486.0
115.0	286954.0
116.0	284669.0
117.0	282841.0
118.0	280713.0
119.0	278249.0
120.0	276454.0
121.0	274529.0
122.0	271485.0
123.0	270699.0
124.0	268018.0
125.0	265344.0
126.0	263400.0
127.0	262669.0
128.0	260958.0
129.0	259346.0
130.0	257559.0
131.0	255466.0
132.0	253992.0
133.0	252485.0
134.0	251795.0
135.0	249810.0
136.0	247846.0
137.0	247261.0
138.0	246371.0
139.0	244433.0
140.0	243210.0
141.0	240778.0
142.0	240549.0
143.0	238246.0
144.0	237293.0
145.0	236392.0
146.0	234730.0
147.0	233527.0
148.0	233012.0
149.0	231785.0
150.0	230073.0
151.0	228760.0
152.0	227792.0
153.0	227109.0
154.0	225209.0
155.0	224978.0
156.0	223499.0
157.0	221256.0
158.0	219913.0
159.0	218946.0
160.0	218188.0
161.0	216319.0
162.0	215280.0
163.0	213685.0
164.0	212808.0
165.0	211787.0
166.0	209998.0
167.0	209895.0
168.0	209455.0
169.0	208486.0
170.0	207088.0
171.0	206104.0
172.0	204708.0
173.0	204196.0
174.0	203851.0
175.0	202220.0
176.0	201547.0
177.0	200595.0
178.0	199323.0
179.0	198150.0
180.0	197958.0
181.0	197134.0
182.0	196522.0
183.0	195522.0
184.0	194600.0
185.0	192634.0
186.0	192169.0
187.0	191296.0
188.0	189636.0
189.0	189335.0
190.0	189082.0
191.0	187258.0
192.0	188454.0
193.0	185800.0
194.0	185170.0
195.0	183722.0
196.0	183694.0
197.0	182994.0
198.0	181799.0
199.0	180272.0
200.0	180238.0
201.0	179033.0
202.0	178688.0
203.0	177535.0
204.0	176502.0
205.0	175598.0
206.0	175604.0
207.0	174420.0
208.0	172651.0
209.0	172469.0
210.0	171049.0
211.0	169606.0
212.0	169881.0
213.0	168152.0
214.0	167078.0
215.0	166802.0
216.0	165745.0
217.0	164792.0
218.0	164485.0
219.0	163026.0
220.0	162232.0
221.0	162008.0
222.0	160981.0
223.0	159603.0
224.0	159535.0
225.0	158425.0
226.0	157555.0
227.0	156442.0
228.0	155786.0
229.0	155365.0
230.0	154280.0
231.0	153541.0
232.0	152755.0
233.0	152251.0
234.0	151455.0
235.0	150421.0
236.0	149600.0
237.0	148346.0
238.0	147767.0
239.0	146447.0
240.0	145901.0
241.0	144418.0
242.0	144166.0
243.0	142618.0
244.0	142236.0
245.0	141769.0
246.0	140779.0
247.0	140059.0
248.0	139853.0
249.0	140239.0
250.0	139184.0
251.0	138024.0
252.0	137724.0
253.0	136756.0
254.0	135765.0
255.0	135432.0
256.0	134553.0
257.0	133248.0
258.0	133033.0
259.0	132314.0
260.0	132382.0
261.0	131721.0
262.0	130618.0
263.0	129194.0
264.0	127972.0
265.0	127847.0
266.0	126989.0
267.0	125910.0
268.0	125938.0
269.0	125049.0
270.0	124133.0
271.0	123276.0
272.0	123325.0
273.0	122329.0
274.0	121910.0
275.0	120352.0
276.0	119821.0
277.0	119289.0
278.0	118449.0
279.0	118018.0
280.0	117656.0
281.0	116723.0
282.0	115400.0
283.0	114682.0
284.0	114383.0
285.0	113469.0
286.0	113101.0
287.0	112499.0
288.0	111572.0
289.0	111031.0
290.0	110877.0
291.0	110309.0
292.0	109385.0
293.0	108513.0
294.0	108012.0
295.0	107200.0
296.0	106311.0
297.0	105680.0
298.0	105278.0
299.0	104204.0
300.0	103956.0
301.0	103260.0
302.0	103117.0
303.0	101797.0
304.0	101250.0
305.0	100578.0
306.0	99873.0
307.0	99387.0
308.0	98812.0
309.0	98133.0
310.0	97738.0
311.0	96409.0
312.0	96778.0
313.0	95596.0
314.0	95099.0
315.0	93896.0
316.0	93699.0
317.0	93776.0
318.0	92301.0
319.0	91340.0
320.0	90982.0
321.0	91361.0
322.0	89867.0
323.0	89744.0
324.0	89418.0
325.0	89140.0
326.0	88291.0
327.0	87455.0
328.0	87286.0
329.0	86577.0
330.0	85808.0
331.0	85485.0
332.0	85179.0
333.0	84883.0
334.0	84156.0
335.0	83627.0
336.0	82937.0
337.0	81953.0
338.0	81839.0
339.0	81105.0
340.0	80647.0
341.0	80729.0
342.0	79619.0
343.0	78899.0
344.0	78268.0
345.0	77959.0
346.0	77149.0
347.0	76876.0
348.0	76150.0
349.0	75150.0
350.0	74592.0
351.0	74500.0
352.0	73926.0
353.0	73960.0
354.0	72862.0
355.0	72644.0
356.0	71962.0
357.0	71660.0
358.0	71364.0
359.0	70765.0
360.0	70349.0
361.0	69878.0
362.0	68616.0
363.0	68539.0
364.0	68161.0
365.0	67625.0
366.0	67284.0
367.0	66227.0
368.0	66094.0
369.0	65725.0
370.0	65612.0
371.0	64980.0
372.0	65036.0
373.0	64083.0
374.0	63931.0
375.0	62855.0
376.0	62296.0
377.0	61751.0
378.0	61056.0
379.0	61826.0
380.0	60830.0
381.0	60933.0
382.0	59830.0
383.0	59996.0
384.0	59957.0
385.0	58566.0
386.0	59089.0
387.0	58857.0
388.0	58233.0
389.0	57401.0
390.0	57102.0
391.0	56228.0
392.0	55991.0
393.0	55327.0
394.0	54898.0
395.0	55084.0
396.0	54306.0
397.0	54288.0
398.0	53819.0
399.0	53351.0
400.0	52776.0
401.0	52705.0
402.0	52030.0
403.0	51560.0
404.0	51197.0
405.0	50867.0
406.0	50900.0
407.0	50156.0
408.0	49872.0
409.0	49675.0
410.0	49335.0
411.0	49038.0
412.0	48832.0
413.0	48244.0
414.0	47784.0
415.0	47271.0
416.0	47457.0
417.0	47000.0
418.0	46469.0
419.0	46136.0
420.0	45739.0
421.0	45411.0
422.0	45437.0
423.0	45265.0
424.0	44671.0
425.0	44621.0
426.0	43811.0
427.0	43710.0
428.0	43683.0
429.0	42911.0
430.0	42619.0
431.0	42082.0
432.0	42536.0
433.0	41727.0
434.0	41280.0
435.0	40742.0
436.0	41046.0
437.0	40639.0
438.0	40461.0
439.0	39839.0
440.0	39557.0
441.0	39514.0
442.0	38799.0
443.0	38616.0
444.0	38238.0
445.0	38323.0
446.0	38115.0
447.0	37759.0
448.0	37400.0
449.0	37507.0
450.0	37007.0
451.0	36612.0
452.0	36452.0
453.0	36459.0
454.0	35769.0
455.0	35789.0
456.0	35667.0
457.0	35247.0
458.0	34997.0
459.0	34606.0
460.0	34547.0
461.0	34012.0
462.0	33943.0
463.0	33780.0
464.0	33306.0
465.0	33166.0
466.0	32990.0
467.0	32616.0
468.0	32567.0
469.0	31803.0
470.0	31575.0
471.0	31325.0
472.0	31169.0
473.0	31210.0
474.0	30759.0
475.0	30631.0
476.0	30117.0
477.0	30038.0
478.0	29732.0
479.0	29606.0
480.0	29168.0
481.0	29479.0
482.0	28988.0
483.0	28958.0
484.0	28712.0
485.0	28284.0
486.0	28369.0
487.0	28124.0
488.0	27629.0
489.0	27634.0
490.0	27359.0
491.0	27229.0
492.0	27330.0
493.0	26824.0
494.0	26601.0
495.0	26620.0
496.0	26424.0
497.0	26251.0
498.0	25941.0
499.0	25839.0
500.0	25619.0
501.0	25481.0
502.0	25104.0
503.0	24835.0
504.0	24910.0
505.0	24550.0
506.0	24296.0
507.0	24096.0
508.0	23915.0
509.0	23935.0
510.0	23887.0
511.0	23597.0
512.0	23481.0
513.0	23284.0
514.0	22917.0
515.0	22631.0
516.0	22547.0
517.0	22476.0
518.0	22730.0
519.0	22228.0
520.0	22114.0
521.0	22041.0
522.0	21611.0
523.0	21760.0
524.0	21421.0
525.0	21183.0
526.0	21241.0
527.0	21015.0
528.0	21157.0
529.0	21227.0
530.0	20644.0
531.0	20568.0
532.0	20451.0
533.0	19990.0
534.0	19986.0
535.0	20055.0
536.0	19728.0
537.0	19701.0
538.0	19500.0
539.0	19278.0
540.0	19271.0
541.0	19270.0
542.0	18641.0
543.0	18620.0
544.0	18528.0
545.0	18659.0
546.0	18142.0
547.0	18143.0
548.0	18217.0
549.0	17821.0
550.0	17701.0
551.0	17705.0
552.0	17541.0
553.0	17385.0
554.0	17258.0
555.0	17173.0
556.0	17083.0
557.0	16743.0
558.0	16875.0
559.0	16595.0
560.0	16796.0
561.0	16649.0
562.0	16265.0
563.0	16111.0
564.0	15907.0
565.0	16059.0
566.0	16013.0
567.0	15714.0
568.0	15350.0
569.0	15301.0
570.0	15437.0
571.0	14923.0
572.0	15223.0
573.0	15164.0
574.0	14780.0
575.0	14741.0
576.0	14616.0
577.0	14364.0
578.0	14570.0
579.0	14413.0
580.0	14534.0
581.0	14212.0
582.0	14187.0
583.0	13987.0
584.0	13717.0
585.0	14036.0
586.0	13724.0
587.0	13605.0
588.0	13446.0
589.0	13484.0
590.0	13092.0
591.0	13245.0
592.0	13199.0
593.0	13169.0
594.0	13072.0
595.0	12728.0
596.0	12885.0
597.0	12725.0
598.0	12569.0
599.0	12775.0
600.0	12331.0
601.0	12473.0
602.0	12375.0
603.0	12432.0
604.0	12173.0
605.0	12042.0
606.0	11925.0
607.0	11864.0
608.0	12027.0
609.0	11940.0
610.0	11666.0
611.0	11533.0
612.0	11574.0
613.0	11503.0
614.0	11427.0
615.0	11500.0
616.0	11339.0
617.0	11168.0
618.0	11014.0
619.0	10883.0
620.0	10846.0
621.0	10754.0
622.0	10767.0
623.0	10536.0
624.0	10591.0
625.0	10310.0
626.0	10360.0
627.0	10303.0
628.0	10380.0
629.0	10148.0
630.0	10216.0
631.0	10065.0
632.0	9897.0
633.0	9839.0
634.0	9959.0
635.0	9749.0
636.0	9932.0
637.0	9790.0
638.0	9675.0
639.0	9746.0
640.0	9642.0
641.0	9406.0
642.0	9421.0
643.0	9253.0
644.0	9224.0
645.0	9087.0
646.0	8961.0
647.0	9049.0
648.0	8830.0
649.0	8767.0
650.0	8510.0
651.0	8668.0
652.0	8631.0
653.0	8695.0
654.0	8544.0
655.0	8514.0
656.0	8450.0
657.0	8372.0
658.0	8307.0
659.0	8238.0
660.0	8161.0
661.0	8285.0
662.0	8045.0
663.0	8054.0
664.0	8038.0
665.0	7925.0
666.0	7840.0
667.0	7905.0
668.0	7660.0
669.0	7870.0
670.0	7732.0
671.0	7561.0
672.0	7520.0
673.0	7606.0
674.0	7447.0
675.0	7356.0
676.0	7302.0
677.0	7459.0
678.0	7180.0
679.0	7336.0
680.0	7081.0
681.0	7128.0
682.0	7082.0
683.0	7054.0
684.0	6933.0
685.0	6952.0
686.0	6918.0
687.0	6932.0
688.0	6878.0
689.0	6754.0
690.0	6645.0
691.0	6612.0
692.0	6574.0
693.0	6671.0
694.0	6565.0
695.0	6590.0
696.0	6394.0
697.0	6434.0
698.0	6374.0
699.0	6300.0
700.0	6272.0
701.0	6212.0
702.0	6055.0
703.0	6090.0
704.0	6138.0
705.0	6140.0
706.0	5922.0
707.0	6080.0
708.0	5824.0
709.0	5866.0
710.0	5897.0
711.0	5822.0
712.0	5638.0
713.0	5738.0
714.0	5642.0
715.0	5504.0
716.0	5655.0
717.0	5587.0
718.0	5512.0
719.0	5570.0
720.0	5435.0
721.0	5347.0
722.0	5431.0
723.0	5465.0
724.0	5508.0
725.0	5314.0
726.0	5354.0
727.0	5250.0
728.0	5344.0
729.0	5262.0
730.0	5218.0
731.0	5104.0
732.0	5180.0
733.0	5085.0
734.0	5031.0
735.0	5056.0
736.0	4957.0
737.0	4900.0
738.0	5032.0
739.0	4904.0
740.0	4946.0
741.0	4834.0
742.0	4883.0
743.0	4813.0
744.0	4826.0
745.0	4752.0
746.0	4587.0
747.0	4533.0
748.0	4533.0
749.0	4554.0
750.0	4511.0
751.0	4508.0
752.0	4453.0
753.0	4338.0
754.0	4422.0
755.0	4484.0
756.0	4333.0
757.0	4362.0
758.0	4356.0
759.0	4290.0
760.0	4324.0
761.0	4203.0
762.0	4209.0
763.0	4204.0
764.0	4151.0
765.0	4088.0
766.0	4128.0
767.0	4276.0
768.0	4075.0
769.0	4135.0
770.0	3945.0
771.0	4070.0
772.0	3944.0
773.0	3951.0
774.0	3952.0
775.0	3905.0
776.0	3816.0
777.0	3918.0
778.0	3770.0
779.0	3811.0
780.0	3823.0
781.0	3786.0
782.0	3744.0
783.0	3738.0
784.0	3721.0
785.0	3659.0
786.0	3673.0
787.0	3644.0
788.0	3639.0
789.0	3525.0
790.0	3646.0
791.0	3558.0
792.0	3500.0
793.0	3547.0
794.0	3505.0
795.0	3416.0
796.0	3560.0
797.0	3366.0
798.0	3342.0
799.0	3328.0
800.0	3329.0
801.0	3407.0
802.0	3313.0
803.0	3396.0
804.0	3373.0
805.0	3291.0
806.0	3191.0
807.0	3262.0
808.0	3113.0
809.0	3182.0
810.0	3213.0
811.0	3160.0
812.0	3158.0
813.0	3081.0
814.0	3039.0
815.0	3156.0
816.0	3167.0
817.0	3143.0
818.0	3029.0
819.0	3070.0
820.0	3018.0
821.0	3006.0
822.0	3069.0
823.0	2921.0
824.0	2954.0
825.0	2888.0
826.0	2916.0
827.0	2855.0
828.0	2787.0
829.0	2861.0
830.0	2755.0
831.0	2746.0
832.0	2845.0
833.0	2793.0
834.0	2778.0
835.0	2725.0
836.0	2782.0
837.0	2772.0
838.0	2724.0
839.0	2571.0
840.0	2627.0
841.0	2660.0
842.0	2657.0
843.0	2599.0
844.0	2510.0
845.0	2491.0
846.0	2598.0
847.0	2612.0
848.0	2552.0
849.0	2505.0
850.0	2465.0
851.0	2504.0
852.0	2560.0
853.0	2517.0
854.0	2431.0
855.0	2424.0
856.0	2424.0
857.0	2452.0
858.0	2384.0
859.0	2476.0
860.0	2403.0
861.0	2457.0
862.0	2364.0
863.0	2312.0
864.0	2325.0
865.0	2335.0
866.0	2278.0
867.0	2240.0
868.0	2317.0
869.0	2315.0
870.0	2267.0
871.0	2273.0
872.0	2233.0
873.0	2140.0
874.0	2208.0
875.0	2160.0
876.0	2183.0
877.0	2101.0
878.0	2151.0
879.0	2116.0
880.0	2056.0
881.0	2082.0
882.0	2112.0
883.0	2018.0
884.0	2019.0
885.0	2070.0
886.0	2115.0
887.0	1990.0
888.0	1998.0
889.0	2049.0
890.0	2023.0
891.0	2002.0
892.0	2006.0
893.0	2021.0
894.0	1958.0
895.0	2008.0
896.0	1923.0
897.0	1984.0
898.0	1939.0
899.0	1960.0
900.0	1950.0
901.0	1878.0
902.0	1950.0
903.0	1896.0
904.0	1928.0
905.0	1851.0
906.0	1829.0
907.0	1837.0
908.0	1834.0
909.0	1765.0
910.0	1777.0
911.0	1816.0
912.0	1785.0
913.0	1738.0
914.0	1709.0
915.0	1702.0
916.0	1812.0
917.0	1666.0
918.0	1694.0
919.0	1634.0
920.0	1697.0
921.0	1660.0
922.0	1723.0
923.0	1647.0
924.0	1573.0
925.0	1691.0
926.0	1738.0
927.0	1640.0
928.0	1641.0
929.0	1660.0
930.0	1680.0
931.0	1632.0
932.0	1589.0
933.0	1606.0
934.0	1614.0
935.0	1623.0
936.0	1622.0
937.0	1526.0
938.0	1576.0
939.0	1497.0
940.0	1504.0
941.0	1557.0
942.0	1528.0
943.0	1548.0
944.0	1490.0
945.0	1539.0
946.0	1523.0
947.0	1527.0
948.0	1540.0
949.0	1460.0
950.0	1474.0
951.0	1535.0
952.0	1494.0
953.0	1466.0
954.0	1427.0
955.0	1490.0
956.0	1445.0
957.0	1442.0
958.0	1444.0
959.0	1432.0
960.0	1457.0
961.0	1357.0
962.0	1399.0
963.0	1296.0
964.0	1395.0
965.0	1389.0
966.0	1345.0
967.0	1399.0
968.0	1373.0
969.0	1326.0
970.0	1315.0
971.0	1301.0
972.0	1348.0
973.0	1361.0
974.0	1318.0
975.0	1280.0
976.0	1285.0
977.0	1336.0
978.0	1312.0
979.0	1258.0
980.0	1282.0
981.0	1346.0
982.0	1306.0
983.0	1264.0
984.0	1213.0
985.0	1283.0
986.0	1260.0
987.0	1210.0
988.0	1219.0
989.0	1256.0
990.0	1136.0
991.0	1214.0
992.0	1172.0
993.0	1228.0
994.0	1129.0
995.0	1153.0
996.0	1209.0
997.0	1107.0
998.0	1175.0
999.0	1162.0
1000.0	1255.0
1001.0	1110.0
1002.0	1158.0
1003.0	1141.0
1004.0	1081.0
1005.0	1137.0
1006.0	1095.0
1007.0	1083.0
1008.0	1127.0
1009.0	1103.0
1010.0	1074.0
1011.0	1087.0
1012.0	1086.0
1013.0	1027.0
1014.0	1082.0
1015.0	1045.0
1016.0	1064.0
1017.0	1005.0
1018.0	1028.0
1019.0	1098.0
1020.0	1028.0
1021.0	1071.0
1022.0	1026.0
1023.0	1035.0
1024.0	1002.0
1025.0	1031.0
1026.0	1001.0
1027.0	1025.0
1028.0	994.0
1029.0	973.0
1030.0	999.0
1031.0	1004.0
1032.0	970.0
1033.0	943.0
1034.0	933.0
1035.0	986.0
1036.0	977.0
1037.0	953.0
1038.0	980.0
1039.0	959.0
1040.0	942.0
1041.0	940.0
1042.0	974.0
1043.0	899.0
1044.0	940.0
1045.0	913.0
1046.0	882.0
1047.0	884.0
1048.0	926.0
1049.0	894.0
1050.0	955.0
1051.0	883.0
1052.0	855.0
1053.0	849.0
1054.0	898.0
1055.0	901.0
1056.0	870.0
1057.0	876.0
1058.0	842.0
1059.0	874.0
1060.0	879.0
1061.0	853.0
1062.0	810.0
1063.0	867.0
1064.0	826.0
1065.0	891.0
1066.0	856.0
1067.0	900.0
1068.0	807.0
1069.0	814.0
1070.0	840.0
1071.0	766.0
1072.0	762.0
1073.0	827.0
1074.0	802.0
1075.0	837.0
1076.0	792.0
1077.0	802.0
1078.0	798.0
1079.0	808.0
1080.0	778.0
1081.0	711.0
1082.0	832.0
1083.0	816.0
1084.0	777.0
1085.0	764.0
1086.0	774.0
1087.0	781.0
1088.0	748.0
1089.0	713.0
1090.0	685.0
1091.0	758.0
1092.0	698.0
1093.0	698.0
1094.0	757.0
1095.0	746.0
1096.0	716.0
1097.0	751.0
1098.0	730.0
1099.0	740.0
1100.0	746.0
1101.0	708.0
1102.0	701.0
1103.0	704.0
1104.0	711.0
1105.0	649.0
1106.0	685.0
1107.0	686.0
1108.0	681.0
1109.0	707.0
1110.0	697.0
1111.0	691.0
1112.0	668.0
1113.0	655.0
1114.0	696.0
1115.0	649.0
1116.0	641.0
1117.0	661.0
1118.0	625.0
1119.0	664.0
1120.0	662.0
1121.0	650.0
1122.0	628.0
1123.0	651.0
1124.0	652.0
1125.0	647.0
1126.0	651.0
1127.0	586.0
1128.0	613.0
1129.0	581.0
1130.0	567.0
1131.0	593.0
1132.0	627.0
1133.0	583.0
1134.0	623.0
1135.0	593.0
1136.0	619.0
1137.0	569.0
1138.0	576.0
1139.0	602.0
1140.0	596.0
1141.0	595.0
1142.0	583.0
1143.0	558.0
1144.0	570.0
1145.0	544.0
1146.0	582.0
1147.0	587.0
1148.0	566.0
1149.0	552.0
1150.0	569.0
1151.0	544.0
1152.0	601.0
1153.0	564.0
1154.0	562.0
1155.0	585.0
1156.0	566.0
1157.0	537.0
1158.0	509.0
1159.0	543.0
1160.0	542.0
1161.0	530.0
1162.0	529.0
1163.0	508.0
1164.0	493.0
1165.0	520.0
1166.0	516.0
1167.0	518.0
1168.0	505.0
1169.0	509.0
1170.0	522.0
1171.0	497.0
1172.0	505.0
1173.0	527.0
1174.0	496.0
1175.0	511.0
1176.0	530.0
1177.0	514.0
1178.0	493.0
1179.0	500.0
1180.0	473.0
1181.0	454.0
1182.0	450.0
1183.0	473.0
1184.0	468.0
1185.0	481.0
1186.0	481.0
1187.0	477.0
1188.0	464.0
1189.0	481.0
1190.0	481.0
1191.0	486.0
1192.0	459.0
1193.0	433.0
1194.0	514.0
1195.0	499.0
1196.0	449.0
1197.0	482.0
1198.0	459.0
1199.0	483.0
1200.0	479.0
1201.0	471.0
1202.0	455.0
1203.0	419.0
1204.0	487.0
1205.0	471.0
1206.0	427.0
1207.0	435.0
1208.0	433.0
1209.0	449.0
1210.0	432.0
1211.0	401.0
1212.0	426.0
1213.0	438.0
1214.0	431.0
1215.0	461.0
1216.0	415.0
1217.0	405.0
1218.0	427.0
1219.0	417.0
1220.0	392.0
1221.0	376.0
1222.0	393.0
1223.0	406.0
1224.0	422.0
1225.0	380.0
1226.0	400.0
1227.0	396.0
1228.0	413.0
1229.0	363.0
1230.0	375.0
1231.0	400.0
1232.0	385.0
1233.0	393.0
1234.0	418.0
1235.0	394.0
1236.0	378.0
1237.0	391.0
1238.0	399.0
1239.0	390.0
1240.0	367.0
1241.0	384.0
1242.0	364.0
1243.0	389.0
1244.0	384.0
1245.0	374.0
1246.0	403.0
1247.0	363.0
1248.0	371.0
1249.0	370.0
1250.0	397.0
1251.0	359.0
1252.0	363.0
1253.0	376.0
1254.0	378.0
1255.0	349.0
1256.0	384.0
1257.0	414.0
1258.0	365.0
1259.0	376.0
1260.0	346.0
1261.0	375.0
1262.0	368.0
1263.0	391.0
1264.0	337.0
1265.0	357.0
1266.0	340.0
1267.0	358.0
1268.0	387.0
1269.0	350.0
1270.0	316.0
1271.0	379.0
1272.0	346.0
1273.0	364.0
1274.0	332.0
1275.0	366.0
1276.0	374.0
1277.0	360.0
1278.0	352.0
1279.0	337.0
1280.0	330.0
1281.0	346.0
1282.0	306.0
1283.0	328.0
1284.0	336.0
1285.0	340.0
1286.0	332.0
1287.0	344.0
1288.0	323.0
1289.0	335.0
1290.0	333.0
1291.0	384.0
1292.0	340.0
1293.0	320.0
1294.0	347.0
1295.0	325.0
1296.0	315.0
1297.0	326.0
1298.0	310.0
1299.0	350.0
1300.0	322.0
1301.0	346.0
1302.0	346.0
1303.0	314.0
1304.0	340.0
1305.0	381.0
1306.0	319.0
1307.0	339.0
1308.0	356.0
1309.0	316.0
1310.0	338.0
1311.0	343.0
1312.0	328.0
1313.0	318.0
1314.0	336.0
1315.0	347.0
1316.0	322.0
1317.0	333.0
1318.0	321.0
1319.0	319.0
1320.0	325.0
1321.0	295.0
1322.0	295.0
1323.0	310.0
1324.0	299.0
1325.0	286.0
1326.0	305.0
1327.0	287.0
1328.0	302.0
1329.0	282.0
1330.0	291.0
1331.0	270.0
1332.0	305.0
1333.0	266.0
1334.0	264.0
1335.0	280.0
1336.0	283.0
1337.0	277.0
1338.0	308.0
1339.0	262.0
1340.0	306.0
1341.0	323.0
1342.0	324.0
1343.0	275.0
1344.0	265.0
1345.0	284.0
1346.0	269.0
1347.0	289.0
1348.0	272.0
1349.0	275.0
1350.0	282.0
1351.0	262.0
1352.0	271.0
1353.0	250.0
1354.0	266.0
1355.0	270.0
1356.0	229.0
1357.0	244.0
1358.0	249.0
1359.0	249.0
1360.0	280.0
1361.0	266.0
1362.0	234.0
1363.0	236.0
1364.0	275.0
1365.0	267.0
1366.0	250.0
1367.0	265.0
1368.0	257.0
1369.0	273.0
1370.0	251.0
1371.0	233.0
1372.0	236.0
1373.0	254.0
1374.0	233.0
1375.0	254.0
1376.0	234.0
1377.0	215.0
1378.0	258.0
1379.0	256.0
1380.0	242.0
1381.0	252.0
1382.0	230.0
1383.0	223.0
1384.0	247.0
1385.0	240.0
1386.0	231.0
1387.0	245.0
1388.0	227.0
1389.0	267.0
1390.0	230.0
1391.0	232.0
1392.0	223.0
1393.0	214.0
1394.0	200.0
1395.0	217.0
1396.0	235.0
1397.0	195.0
1398.0	193.0
1399.0	204.0
1400.0	230.0
1401.0	221.0
1402.0	191.0
1403.0	231.0
1404.0	211.0
1405.0	208.0
1406.0	205.0
1407.0	191.0
1408.0	199.0
1409.0	210.0
1410.0	214.0
1411.0	205.0
1412.0	178.0
1413.0	204.0
1414.0	206.0
1415.0	204.0
1416.0	198.0
1417.0	166.0
1418.0	208.0
1419.0	189.0
1420.0	176.0
1421.0	199.0
1422.0	196.0
1423.0	163.0
1424.0	211.0
1425.0	222.0
1426.0	215.0
1427.0	205.0
1428.0	211.0
1429.0	187.0
1430.0	197.0
1431.0	224.0
1432.0	215.0
1433.0	202.0
1434.0	223.0
1435.0	178.0
1436.0	220.0
1437.0	222.0
1438.0	212.0
1439.0	201.0
1440.0	207.0
1441.0	189.0
1442.0	180.0
1443.0	193.0
1444.0	204.0
1445.0	192.0
1446.0	189.0
1447.0	193.0
1448.0	190.0
1449.0	195.0
1450.0	180.0
1451.0	182.0
1452.0	197.0
1453.0	206.0
1454.0	188.0
1455.0	179.0
1456.0	228.0
1457.0	181.0
1458.0	166.0
1459.0	160.0
1460.0	191.0
1461.0	178.0
1462.0	163.0
1463.0	160.0
1464.0	182.0
1465.0	192.0
1466.0	162.0
1467.0	172.0
1468.0	183.0
1469.0	212.0
1470.0	193.0
1471.0	168.0
1472.0	194.0
1473.0	174.0
1474.0	162.0
1475.0	189.0
1476.0	194.0
1477.0	197.0
1478.0	180.0
1479.0	176.0
1480.0	183.0
1481.0	186.0
1482.0	184.0
1483.0	185.0
1484.0	194.0
1485.0	185.0
1486.0	179.0
1487.0	184.0
1488.0	171.0
1489.0	178.0
1490.0	193.0
1491.0	161.0
1492.0	175.0
1493.0	136.0
1494.0	172.0
1495.0	184.0
1496.0	180.0
1497.0	183.0
1498.0	172.0
1499.0	163.0
1500.0	160.0
1501.0	159.0
1502.0	166.0
1503.0	151.0
1504.0	167.0
1505.0	158.0
1506.0	177.0
1507.0	199.0
1508.0	157.0
1509.0	176.0
1510.0	137.0
1511.0	148.0
1512.0	149.0
1513.0	163.0
1514.0	158.0
1515.0	147.0
1516.0	164.0
1517.0	127.0
1518.0	158.0
1519.0	138.0
1520.0	151.0
1521.0	150.0
1522.0	140.0
1523.0	160.0
1524.0	160.0
1525.0	133.0
1526.0	189.0
1527.0	139.0
1528.0	146.0
1529.0	171.0
1530.0	164.0
1531.0	150.0
1532.0	142.0
1533.0	172.0
1534.0	163.0
1535.0	152.0
1536.0	137.0
1537.0	160.0
1538.0	161.0
1539.0	158.0
1540.0	134.0
1541.0	162.0
1542.0	157.0
1543.0	149.0
1544.0	145.0
1545.0	146.0
1546.0	144.0
1547.0	141.0
1548.0	133.0
1549.0	167.0
1550.0	148.0
1551.0	155.0
1552.0	134.0
1553.0	130.0
1554.0	138.0
1555.0	156.0
1556.0	141.0
1557.0	137.0
1558.0	137.0
1559.0	140.0
1560.0	169.0
1561.0	163.0
1562.0	128.0
1563.0	136.0
1564.0	143.0
1565.0	120.0
1566.0	149.0
1567.0	140.0
1568.0	129.0
1569.0	127.0
1570.0	154.0
1571.0	162.0
1572.0	134.0
1573.0	143.0
1574.0	143.0
1575.0	138.0
1576.0	132.0
1577.0	140.0
1578.0	134.0
1579.0	136.0
1580.0	137.0
1581.0	133.0
1582.0	144.0
1583.0	140.0
1584.0	137.0
1585.0	140.0
1586.0	112.0
1587.0	137.0
1588.0	131.0
1589.0	125.0
1590.0	146.0
1591.0	138.0
1592.0	156.0
1593.0	151.0
1594.0	123.0
1595.0	122.0
1596.0	109.0
1597.0	104.0
1598.0	132.0
1599.0	123.0
1600.0	111.0
1601.0	102.0
1602.0	115.0
1603.0	112.0
1604.0	140.0
1605.0	102.0
1606.0	112.0
1607.0	130.0
1608.0	125.0
1609.0	127.0
1610.0	119.0
1611.0	122.0
1612.0	110.0
1613.0	127.0
1614.0	109.0
1615.0	123.0
1616.0	122.0
1617.0	109.0
1618.0	120.0
1619.0	112.0
1620.0	126.0
1621.0	142.0
1622.0	129.0
1623.0	100.0
1624.0	107.0
1625.0	125.0
1626.0	112.0
1627.0	108.0
1628.0	111.0
1629.0	113.0
1630.0	105.0
1631.0	117.0
1632.0	103.0
1633.0	111.0
1634.0	112.0
1635.0	105.0
1636.0	117.0
1637.0	110.0
1638.0	107.0
1639.0	115.0
1640.0	131.0
1641.0	109.0
1642.0	108.0
1643.0	111.0
1644.0	110.0
1645.0	107.0
1646.0	91.0
1647.0	93.0
1648.0	103.0
1649.0	115.0
1650.0	109.0
1651.0	122.0
1652.0	116.0
1653.0	90.0
1654.0	100.0
1655.0	98.0
1656.0	118.0
1657.0	109.0
1658.0	117.0
1659.0	85.0
1660.0	104.0
1661.0	98.0
1662.0	106.0
1663.0	101.0
1664.0	81.0
1665.0	91.0
1666.0	105.0
1667.0	104.0
1668.0	110.0
1669.0	99.0
1670.0	94.0
1671.0	89.0
1672.0	103.0
1673.0	89.0
1674.0	89.0
1675.0	94.0
1676.0	111.0
1677.0	113.0
1678.0	108.0
1679.0	106.0
1680.0	114.0
1681.0	96.0
1682.0	94.0
1683.0	117.0
1684.0	94.0
1685.0	97.0
1686.0	92.0
1687.0	81.0
1688.0	97.0
1689.0	90.0
1690.0	83.0
1691.0	100.0
1692.0	112.0
1693.0	108.0
1694.0	100.0
1695.0	104.0
1696.0	88.0
1697.0	87.0
1698.0	109.0
1699.0	106.0
1700.0	109.0
1701.0	94.0
1702.0	108.0
1703.0	98.0
1704.0	69.0
1705.0	100.0
1706.0	81.0
1707.0	94.0
1708.0	103.0
1709.0	88.0
1710.0	93.0
1711.0	111.0
1712.0	86.0
1713.0	105.0
1714.0	93.0
1715.0	91.0
1716.0	104.0
1717.0	98.0
1718.0	97.0
1719.0	91.0
1720.0	93.0
1721.0	102.0
1722.0	83.0
1723.0	102.0
1724.0	75.0
1725.0	77.0
1726.0	95.0
1727.0	87.0
1728.0	98.0
1729.0	116.0
1730.0	73.0
1731.0	94.0
1732.0	84.0
1733.0	94.0
1734.0	84.0
1735.0	80.0
1736.0	80.0
1737.0	93.0
1738.0	74.0
1739.0	72.0
1740.0	84.0
1741.0	98.0
1742.0	81.0
1743.0	70.0
1744.0	88.0
1745.0	80.0
1746.0	83.0
1747.0	86.0
1748.0	77.0
1749.0	70.0
1750.0	77.0
1751.0	85.0
1752.0	69.0
1753.0	62.0
1754.0	60.0
1755.0	66.0
1756.0	68.0
1757.0	70.0
1758.0	71.0
1759.0	59.0
1760.0	62.0
1761.0	79.0
1762.0	61.0
1763.0	68.0
1764.0	60.0
1765.0	78.0
1766.0	73.0
1767.0	80.0
1768.0	52.0
1769.0	80.0
1770.0	58.0
1771.0	78.0
1772.0	63.0
1773.0	59.0
1774.0	59.0
1775.0	72.0
1776.0	65.0
1777.0	68.0
1778.0	84.0
1779.0	65.0
1780.0	72.0
1781.0	75.0
1782.0	74.0
1783.0	70.0
1784.0	79.0
1785.0	56.0
1786.0	72.0
1787.0	62.0
1788.0	64.0
1789.0	87.0
1790.0	85.0
1791.0	70.0
1792.0	75.0
1793.0	66.0
1794.0	69.0
1795.0	64.0
1796.0	69.0
1797.0	82.0
1798.0	92.0
1799.0	81.0
1800.0	50.0
1801.0	58.0
1802.0	58.0
1803.0	63.0
1804.0	56.0
1805.0	74.0
1806.0	60.0
1807.0	63.0
1808.0	56.0
1809.0	61.0
1810.0	69.0
1811.0	57.0
1812.0	54.0
1813.0	62.0
1814.0	71.0
1815.0	56.0
1816.0	60.0
1817.0	60.0
1818.0	57.0
1819.0	45.0
1820.0	61.0
1821.0	51.0
1822.0	52.0
1823.0	55.0
1824.0	60.0
1825.0	45.0
1826.0	55.0
1827.0	59.0
1828.0	53.0
1829.0	54.0
1830.0	47.0
1831.0	55.0
1832.0	56.0
1833.0	56.0
1834.0	49.0
1835.0	57.0
1836.0	47.0
1837.0	83.0
1838.0	57.0
1839.0	48.0
1840.0	63.0
1841.0	48.0
1842.0	56.0
1843.0	55.0
1844.0	58.0
1845.0	63.0
1846.0	52.0
1847.0	61.0
1848.0	55.0
1849.0	52.0
1850.0	64.0
1851.0	63.0
1852.0	47.0
1853.0	50.0
1854.0	59.0
1855.0	55.0
1856.0	47.0
1857.0	49.0
1858.0	58.0
1859.0	45.0
1860.0	54.0
1861.0	69.0
1862.0	51.0
1863.0	57.0
1864.0	54.0
1865.0	63.0
1866.0	72.0
1867.0	68.0
1868.0	55.0
1869.0	42.0
1870.0	51.0
1871.0	59.0
1872.0	58.0
1873.0	61.0
1874.0	68.0
1875.0	58.0
1876.0	42.0
1877.0	47.0
1878.0	53.0
1879.0	61.0
1880.0	63.0
1881.0	50.0
1882.0	58.0
1883.0	43.0
1884.0	59.0
1885.0	54.0
1886.0	57.0
1887.0	51.0
1888.0	64.0
1889.0	61.0
1890.0	54.0
1891.0	45.0
1892.0	52.0
1893.0	47.0
1894.0	52.0
1895.0	50.0
1896.0	43.0
1897.0	54.0
1898.0	49.0
1899.0	56.0
1900.0	53.0
1901.0	44.0
1902.0	45.0
1903.0	41.0
1904.0	54.0
1905.0	48.0
1906.0	50.0
1907.0	50.0
1908.0	49.0
1909.0	58.0
1910.0	53.0
1911.0	49.0
1912.0	51.0
1913.0	53.0
1914.0	51.0
1915.0	55.0
1916.0	39.0
1917.0	40.0
1918.0	36.0
1919.0	66.0
1920.0	44.0
1921.0	42.0
1922.0	45.0
1923.0	47.0
1924.0	47.0
1925.0	51.0
1926.0	49.0
1927.0	40.0
1928.0	49.0
1929.0	47.0
1930.0	51.0
1931.0	44.0
1932.0	40.0
1933.0	46.0
1934.0	49.0
1935.0	32.0
1936.0	42.0
1937.0	56.0
1938.0	45.0
1939.0	37.0
1940.0	38.0
1941.0	32.0
1942.0	49.0
1943.0	33.0
1944.0	52.0
1945.0	47.0
1946.0	46.0
1947.0	47.0
1948.0	45.0
1949.0	51.0
1950.0	29.0
1951.0	47.0
1952.0	40.0
1953.0	32.0
1954.0	37.0
1955.0	46.0
1956.0	52.0
1957.0	30.0
1958.0	41.0
1959.0	41.0
1960.0	50.0
1961.0	50.0
1962.0	28.0
1963.0	31.0
1964.0	45.0
1965.0	36.0
1966.0	35.0
1967.0	46.0
1968.0	34.0
1969.0	48.0
1970.0	43.0
1971.0	39.0
1972.0	45.0
1973.0	39.0
1974.0	42.0
1975.0	37.0
1976.0	41.0
1977.0	42.0
1978.0	43.0
1979.0	40.0
1980.0	49.0
1981.0	35.0
1982.0	50.0
1983.0	36.0
1984.0	44.0
1985.0	37.0
1986.0	39.0
1987.0	43.0
1988.0	37.0
1989.0	55.0
1990.0	33.0
1991.0	40.0
1992.0	45.0
1993.0	37.0
1994.0	44.0
1995.0	35.0
1996.0	39.0
1997.0	35.0
1998.0	49.0
1999.0	49.0
2000.0	37.0
2001.0	45.0
2002.0	43.0
2003.0	36.0
2004.0	44.0
2005.0	44.0
2006.0	46.0
2007.0	43.0
2008.0	44.0
2009.0	42.0
2010.0	31.0
2011.0	32.0
2012.0	35.0
2013.0	44.0
2014.0	31.0
2015.0	45.0
2016.0	55.0
2017.0	41.0
2018.0	41.0
2019.0	49.0
2020.0	30.0
2021.0	38.0
2022.0	35.0
2023.0	38.0
2024.0	49.0
2025.0	38.0
2026.0	43.0
2027.0	30.0
2028.0	52.0
2029.0	52.0
2030.0	41.0
2031.0	32.0
2032.0	21.0
2033.0	33.0
2034.0	33.0
2035.0	36.0
2036.0	48.0
2037.0	36.0
2038.0	25.0
2039.0	31.0
2040.0	44.0
2041.0	28.0
2042.0	21.0
2043.0	30.0
2044.0	32.0
2045.0	28.0
2046.0	40.0
2047.0	39.0
2048.0	27.0
2049.0	36.0
2050.0	32.0
2051.0	34.0
2052.0	45.0
2053.0	31.0
2054.0	28.0
2055.0	47.0
2056.0	25.0
2057.0	26.0
2058.0	24.0
2059.0	31.0
2060.0	25.0
2061.0	46.0
2062.0	59.0
2063.0	34.0
2064.0	36.0
2065.0	51.0
2066.0	41.0
2067.0	32.0
2068.0	46.0
2069.0	39.0
2070.0	33.0
2071.0	32.0
2072.0	36.0
2073.0	41.0
2074.0	27.0
2075.0	41.0
2076.0	40.0
2077.0	45.0
2078.0	33.0
2079.0	41.0
2080.0	27.0
2081.0	34.0
2082.0	29.0
2083.0	39.0
2084.0	36.0
2085.0	40.0
2086.0	32.0
2087.0	33.0
2088.0	28.0
2089.0	30.0
2090.0	38.0
2091.0	42.0
2092.0	28.0
2093.0	37.0
2094.0	38.0
2095.0	27.0
2096.0	35.0
2097.0	39.0
2098.0	34.0
2099.0	28.0
2100.0	37.0
2101.0	41.0
2102.0	39.0
2103.0	51.0
2104.0	31.0
2105.0	38.0
2106.0	23.0
2107.0	40.0
2108.0	36.0
2109.0	26.0
2110.0	37.0
2111.0	40.0
2112.0	46.0
2113.0	40.0
2114.0	31.0
2115.0	27.0
2116.0	36.0
2117.0	31.0
2118.0	38.0
2119.0	32.0
2120.0	25.0
2121.0	37.0
2122.0	34.0
2123.0	43.0
2124.0	38.0
2125.0	34.0
2126.0	32.0
2127.0	26.0
2128.0	34.0
2129.0	26.0
2130.0	38.0
2131.0	28.0
2132.0	25.0
2133.0	29.0
2134.0	24.0
2135.0	34.0
2136.0	30.0
2137.0	26.0
2138.0	30.0
2139.0	24.0
2140.0	27.0
2141.0	34.0
2142.0	28.0
2143.0	21.0
2144.0	29.0
2145.0	22.0
2146.0	29.0
2147.0	25.0
2148.0	34.0
2149.0	30.0
2150.0	31.0
2151.0	33.0
2152.0	15.0
2153.0	22.0
2154.0	28.0
2155.0	34.0
2156.0	29.0
2157.0	26.0
2158.0	35.0
2159.0	30.0
2160.0	26.0
2161.0	32.0
2162.0	32.0
2163.0	24.0
2164.0	29.0
2165.0	27.0
2166.0	31.0
2167.0	14.0
2168.0	31.0
2169.0	30.0
2170.0	26.0
2171.0	17.0
2172.0	28.0
2173.0	21.0
2174.0	35.0
2175.0	30.0
2176.0	30.0
2177.0	26.0
2178.0	27.0
2179.0	22.0
2180.0	37.0
2181.0	20.0
2182.0	33.0
2183.0	24.0
2184.0	27.0
2185.0	34.0
2186.0	23.0
2187.0	31.0
2188.0	34.0
2189.0	28.0
2190.0	25.0
2191.0	34.0
2192.0	22.0
2193.0	30.0
2194.0	35.0
2195.0	28.0
2196.0	31.0
2197.0	29.0
2198.0	26.0
2199.0	32.0
2200.0	30.0
2201.0	33.0
2202.0	23.0
2203.0	35.0
2204.0	24.0
2205.0	19.0
2206.0	19.0
2207.0	26.0
2208.0	25.0
2209.0	28.0
2210.0	24.0
2211.0	25.0
2212.0	23.0
2213.0	25.0
2214.0	27.0
2215.0	26.0
2216.0	19.0
2217.0	32.0
2218.0	34.0
2219.0	33.0
2220.0	25.0
2221.0	34.0
2222.0	36.0
2223.0	18.0
2224.0	27.0
2225.0	17.0
2226.0	22.0
2227.0	24.0
2228.0	20.0
2229.0	25.0
2230.0	32.0
2231.0	16.0
2232.0	30.0
2233.0	23.0
2234.0	22.0
2235.0	24.0
2236.0	29.0
2237.0	24.0
2238.0	29.0
2239.0	18.0
2240.0	16.0
2241.0	21.0
2242.0	29.0
2243.0	28.0
2244.0	18.0
2245.0	25.0
2246.0	29.0
2247.0	30.0
2248.0	24.0
2249.0	22.0
2250.0	32.0
2251.0	35.0
2252.0	19.0
2253.0	28.0
2254.0	23.0
2255.0	19.0
2256.0	20.0
2257.0	17.0
2258.0	24.0
2259.0	21.0
2260.0	20.0
2261.0	20.0
2262.0	28.0
2263.0	16.0
2264.0	15.0
2265.0	28.0
2266.0	16.0
2267.0	16.0
2268.0	28.0
2269.0	26.0
2270.0	29.0
2271.0	28.0
2272.0	28.0
2273.0	29.0
2274.0	18.0
2275.0	23.0
2276.0	23.0
2277.0	26.0
2278.0	22.0
2279.0	32.0
2280.0	21.0
2281.0	25.0
2282.0	25.0
2283.0	21.0
2284.0	22.0
2285.0	24.0
2286.0	32.0
2287.0	22.0
2288.0	22.0
2289.0	24.0
2290.0	23.0
2291.0	34.0
2292.0	19.0
2293.0	24.0
2294.0	21.0
2295.0	23.0
2296.0	23.0
2297.0	36.0
2298.0	25.0
2299.0	35.0
2300.0	21.0
2301.0	26.0
2302.0	22.0
2303.0	19.0
2304.0	16.0
2305.0	22.0
2306.0	24.0
2307.0	11.0
2308.0	26.0
2309.0	38.0
2310.0	20.0
2311.0	26.0
2312.0	23.0
2313.0	27.0
2314.0	30.0
2315.0	27.0
2316.0	29.0
2317.0	29.0
2318.0	24.0
2319.0	21.0
2320.0	26.0
2321.0	24.0
2322.0	20.0
2323.0	18.0
2324.0	28.0
2325.0	17.0
2326.0	29.0
2327.0	22.0
2328.0	32.0
2329.0	25.0
2330.0	24.0
2331.0	22.0
2332.0	29.0
2333.0	18.0
2334.0	24.0
2335.0	30.0
2336.0	29.0
2337.0	28.0
2338.0	26.0
2339.0	24.0
2340.0	18.0
2341.0	22.0
2342.0	32.0
2343.0	17.0
2344.0	17.0
2345.0	19.0
2346.0	24.0
2347.0	17.0
2348.0	27.0
2349.0	17.0
2350.0	23.0
2351.0	23.0
2352.0	21.0
2353.0	17.0
2354.0	23.0
2355.0	20.0
2356.0	23.0
2357.0	13.0
2358.0	15.0
2359.0	17.0
2360.0	21.0
2361.0	13.0
2362.0	21.0
2363.0	16.0
2364.0	10.0
2365.0	15.0
2366.0	18.0
2367.0	24.0
2368.0	16.0
2369.0	22.0
2370.0	14.0
2371.0	19.0
2372.0	20.0
2373.0	15.0
2374.0	19.0
2375.0	13.0
2376.0	15.0
2377.0	12.0
2378.0	23.0
2379.0	23.0
2380.0	18.0
2381.0	17.0
2382.0	30.0
2383.0	23.0
2384.0	14.0
2385.0	14.0
2386.0	13.0
2387.0	12.0
2388.0	24.0
2389.0	22.0
2390.0	24.0
2391.0	24.0
2392.0	20.0
2393.0	16.0
2394.0	14.0
2395.0	19.0
2396.0	18.0
2397.0	21.0
2398.0	16.0
2399.0	15.0
2400.0	17.0
2401.0	12.0
2402.0	26.0
2403.0	22.0
2404.0	14.0
2405.0	17.0
2406.0	27.0
2407.0	18.0
2408.0	17.0
2409.0	22.0
2410.0	15.0
2411.0	19.0
2412.0	11.0
2413.0	15.0
2414.0	20.0
2415.0	12.0
2416.0	19.0
2417.0	12.0
2418.0	23.0
2419.0	22.0
2420.0	15.0
2421.0	16.0
2422.0	15.0
2423.0	12.0
2424.0	27.0
2425.0	7.0
2426.0	14.0
2427.0	13.0
2428.0	16.0
2429.0	12.0
2430.0	19.0
2431.0	12.0
2432.0	15.0
2433.0	17.0
2434.0	16.0
2435.0	19.0
2436.0	20.0
2437.0	23.0
2438.0	11.0
2439.0	19.0
2440.0	13.0
2441.0	13.0
2442.0	14.0
2443.0	17.0
2444.0	18.0
2445.0	16.0
2446.0	18.0
2447.0	16.0
2448.0	15.0
2449.0	19.0
2450.0	14.0
2451.0	15.0
2452.0	9.0
2453.0	11.0
2454.0	17.0
2455.0	13.0
2456.0	12.0
2457.0	15.0
2458.0	10.0
2459.0	13.0
2460.0	11.0
2461.0	11.0
2462.0	15.0
2463.0	12.0
2464.0	13.0
2465.0	17.0
2466.0	13.0
2467.0	9.0
2468.0	13.0
2469.0	11.0
2470.0	13.0
2471.0	13.0
2472.0	10.0
2473.0	12.0
2474.0	12.0
2475.0	11.0
2476.0	8.0
2477.0	11.0
2478.0	14.0
2479.0	11.0
2480.0	17.0
2481.0	28.0
2482.0	16.0
2483.0	12.0
2484.0	17.0
2485.0	10.0
2486.0	16.0
2487.0	10.0
2488.0	12.0
2489.0	8.0
2490.0	13.0
2491.0	12.0
2492.0	16.0
2493.0	12.0
2494.0	15.0
2495.0	12.0
2496.0	19.0
2497.0	8.0
2498.0	12.0
2499.0	17.0
2500.0	14.0
2501.0	11.0
2502.0	13.0
2503.0	10.0
2504.0	8.0
2505.0	10.0
2506.0	13.0
2507.0	9.0
2508.0	15.0
2509.0	18.0
2510.0	18.0
2511.0	16.0
2512.0	12.0
2513.0	18.0
2514.0	10.0
2515.0	16.0
2516.0	8.0
2517.0	15.0
2518.0	14.0
2519.0	12.0
2520.0	14.0
2521.0	14.0
2522.0	12.0
2523.0	16.0
2524.0	16.0
2525.0	10.0
2526.0	14.0
2527.0	18.0
2528.0	10.0
2529.0	8.0
2530.0	12.0
2531.0	9.0
2532.0	16.0
2533.0	7.0
2534.0	9.0
2535.0	13.0
2536.0	10.0
2537.0	6.0
2538.0	11.0
2539.0	15.0
2540.0	12.0
2541.0	7.0
2542.0	9.0
2543.0	13.0
2544.0	10.0
2545.0	13.0
2546.0	8.0
2547.0	16.0
2548.0	18.0
2549.0	11.0
2550.0	10.0
2551.0	16.0
2552.0	13.0
2553.0	13.0
2554.0	12.0
2555.0	11.0
2556.0	19.0
2557.0	19.0
2558.0	16.0
2559.0	15.0
2560.0	8.0
2561.0	8.0
2562.0	12.0
2563.0	13.0
2564.0	10.0
2565.0	14.0
2566.0	15.0
2567.0	7.0
2568.0	5.0
2569.0	13.0
2570.0	11.0
2571.0	14.0
2572.0	10.0
2573.0	11.0
2574.0	16.0
2575.0	6.0
2576.0	12.0
2577.0	15.0
2578.0	10.0
2579.0	6.0
2580.0	4.0
2581.0	5.0
2582.0	4.0
2583.0	9.0
2584.0	10.0
2585.0	17.0
2586.0	7.0
2587.0	5.0
2588.0	14.0
2589.0	5.0
2590.0	8.0
2591.0	7.0
2592.0	3.0
2593.0	8.0
2594.0	15.0
2595.0	16.0
2596.0	9.0
2597.0	10.0
2598.0	13.0
2599.0	9.0
2600.0	13.0
2601.0	13.0
2602.0	8.0
2603.0	11.0
2604.0	3.0
2605.0	17.0
2606.0	11.0
2607.0	13.0
2608.0	10.0
2609.0	11.0
2610.0	12.0
2611.0	5.0
2612.0	14.0
2613.0	6.0
2614.0	4.0
2615.0	7.0
2616.0	3.0
2617.0	7.0
2618.0	13.0
2619.0	4.0
2620.0	11.0
2621.0	12.0
2622.0	10.0
2623.0	17.0
2624.0	10.0
2625.0	10.0
2626.0	9.0
2627.0	5.0
2628.0	6.0
2629.0	7.0
2630.0	12.0
2631.0	8.0
2632.0	9.0
2633.0	8.0
2634.0	11.0
2635.0	13.0
2636.0	16.0
2637.0	5.0
2638.0	10.0
2639.0	10.0
2640.0	11.0
2641.0	14.0
2642.0	13.0
2643.0	8.0
2644.0	5.0
2645.0	18.0
2646.0	13.0
2647.0	18.0
2648.0	7.0
2649.0	23.0
2650.0	15.0
2651.0	13.0
2652.0	8.0
2653.0	16.0
2654.0	20.0
2655.0	11.0
2656.0	9.0
2657.0	15.0
2658.0	12.0
2659.0	12.0
2660.0	9.0
2661.0	11.0
2662.0	13.0
2663.0	7.0
2664.0	8.0
2665.0	12.0
2666.0	9.0
2667.0	10.0
2668.0	10.0
2669.0	14.0
2670.0	17.0
2671.0	11.0
2672.0	12.0
2673.0	14.0
2674.0	15.0
2675.0	12.0
2676.0	10.0
2677.0	11.0
2678.0	12.0
2679.0	10.0
2680.0	10.0
2681.0	9.0
2682.0	12.0
2683.0	11.0
2684.0	9.0
2685.0	6.0
2686.0	13.0
2687.0	13.0
2688.0	10.0
2689.0	14.0
2690.0	12.0
2691.0	14.0
2692.0	14.0
2693.0	10.0
2694.0	13.0
2695.0	16.0
2696.0	11.0
2697.0	12.0
2698.0	6.0
2699.0	8.0
2700.0	5.0
2701.0	7.0
2702.0	5.0
2703.0	10.0
2704.0	7.0
2705.0	6.0
2706.0	8.0
2707.0	6.0
2708.0	6.0
2709.0	5.0
2710.0	8.0
2711.0	5.0
2712.0	7.0
2713.0	9.0
2714.0	9.0
2715.0	9.0
2716.0	2.0
2717.0	6.0
2718.0	7.0
2719.0	8.0
2720.0	6.0
2721.0	5.0
2722.0	9.0
2723.0	5.0
2724.0	8.0
2725.0	11.0
2726.0	9.0
2727.0	5.0
2728.0	9.0
2729.0	5.0
2730.0	8.0
2731.0	10.0
2732.0	6.0
2733.0	7.0
2734.0	13.0
2735.0	9.0
2736.0	10.0
2737.0	12.0
2738.0	4.0
2739.0	9.0
2740.0	8.0
2741.0	4.0
2742.0	8.0
2743.0	4.0
2744.0	16.0
2745.0	4.0
2746.0	6.0
2747.0	14.0
2748.0	10.0
2749.0	10.0
2750.0	10.0
2751.0	8.0
2752.0	12.0
2753.0	8.0
2754.0	4.0
2755.0	4.0
2756.0	8.0
2757.0	9.0
2758.0	13.0
2759.0	10.0
2760.0	6.0
2761.0	3.0
2762.0	7.0
2763.0	8.0
2764.0	8.0
2765.0	8.0
2766.0	2.0
2767.0	7.0
2768.0	6.0
2769.0	10.0
2770.0	10.0
2771.0	8.0
2772.0	3.0
2773.0	7.0
2774.0	3.0
2775.0	19.0
2776.0	14.0
2777.0	14.0
2778.0	8.0
2779.0	7.0
2780.0	4.0
2781.0	9.0
2782.0	6.0
2783.0	7.0
2784.0	8.0
2785.0	15.0
2786.0	7.0
2787.0	6.0
2788.0	9.0
2789.0	14.0
2790.0	8.0
2791.0	7.0
2792.0	8.0
2793.0	10.0
2794.0	8.0
2795.0	11.0
2796.0	12.0
2797.0	15.0
2798.0	13.0
2799.0	7.0
2800.0	9.0
2801.0	8.0
2802.0	13.0
2803.0	9.0
2804.0	9.0
2805.0	11.0
2806.0	12.0
2807.0	19.0
2808.0	8.0
2809.0	9.0
2810.0	9.0
2811.0	12.0
2812.0	8.0
2813.0	8.0
2814.0	11.0
2815.0	9.0
2816.0	9.0
2817.0	6.0
2818.0	7.0
2819.0	11.0
2820.0	7.0
2821.0	8.0
2822.0	8.0
2823.0	11.0
2824.0	8.0
2825.0	6.0
2826.0	5.0
2827.0	4.0
2828.0	11.0
2829.0	9.0
2830.0	10.0
2831.0	6.0
2832.0	6.0
2833.0	6.0
2834.0	6.0
2835.0	11.0
2836.0	8.0
2837.0	6.0
2838.0	16.0
2839.0	8.0
2840.0	7.0
2841.0	2.0
2842.0	6.0
2843.0	8.0
2844.0	6.0
2845.0	5.0
2846.0	8.0
2847.0	6.0
2848.0	7.0
2849.0	8.0
2850.0	7.0
2851.0	3.0
2852.0	5.0
2853.0	8.0
2854.0	7.0
2855.0	7.0
2856.0	4.0
2857.0	6.0
2858.0	3.0
2859.0	4.0
2860.0	5.0
2861.0	7.0
2862.0	4.0
2863.0	6.0
2864.0	4.0
2865.0	6.0
2866.0	5.0
2867.0	7.0
2868.0	8.0
2869.0	4.0
2870.0	10.0
2871.0	4.0
2872.0	3.0
2873.0	3.0
2874.0	3.0
2875.0	7.0
2876.0	6.0
2877.0	5.0
2878.0	3.0
2879.0	7.0
2880.0	7.0
2881.0	3.0
2882.0	7.0
2883.0	9.0
2884.0	12.0
2885.0	2.0
2886.0	8.0
2887.0	8.0
2888.0	4.0
2889.0	4.0
2890.0	5.0
2891.0	9.0
2892.0	8.0
2893.0	4.0
2894.0	7.0
2895.0	3.0
2896.0	5.0
2897.0	4.0
2898.0	2.0
2899.0	4.0
2900.0	3.0
2901.0	5.0
2902.0	3.0
2903.0	5.0
2904.0	9.0
2905.0	2.0
2906.0	3.0
2907.0	1.0
2908.0	6.0
2909.0	4.0
2910.0	2.0
2911.0	2.0
2912.0	4.0
2913.0	3.0
2914.0	4.0
2915.0	8.0
2916.0	7.0
2917.0	2.0
2919.0	5.0
2920.0	4.0
2921.0	9.0
2922.0	12.0
2923.0	5.0
2924.0	2.0
2925.0	4.0
2926.0	5.0
2927.0	8.0
2928.0	2.0
2929.0	5.0
2930.0	8.0
2931.0	4.0
2932.0	5.0
2933.0	1.0
2934.0	9.0
2935.0	3.0
2936.0	3.0
2937.0	5.0
2939.0	4.0
2940.0	4.0
2941.0	4.0
2942.0	4.0
2943.0	5.0
2944.0	3.0
2945.0	5.0
2946.0	5.0
2947.0	6.0
2948.0	2.0
2949.0	3.0
2950.0	6.0
2951.0	6.0
2952.0	2.0
2953.0	4.0
2954.0	6.0
2955.0	3.0
2956.0	3.0
2957.0	4.0
2958.0	9.0
2959.0	5.0
2960.0	5.0
2961.0	2.0
2962.0	7.0
2963.0	2.0
2964.0	6.0
2965.0	8.0
2966.0	5.0
2967.0	8.0
2968.0	5.0
2969.0	2.0
2970.0	4.0
2971.0	4.0
2972.0	7.0
2973.0	3.0
2974.0	3.0
2975.0	10.0
2976.0	5.0
2977.0	5.0
2978.0	8.0
2979.0	7.0
2980.0	5.0
2981.0	8.0
2982.0	4.0
2983.0	6.0
2984.0	5.0
2985.0	5.0
2986.0	2.0
2987.0	6.0
2988.0	4.0
2989.0	2.0
2990.0	2.0
2991.0	5.0
2992.0	4.0
2993.0	4.0
2994.0	11.0
2995.0	6.0
2996.0	8.0
2997.0	5.0
2998.0	7.0
2999.0	5.0
3000.0	3.0
3001.0	7.0
3002.0	4.0
3003.0	6.0
3004.0	6.0
3005.0	8.0
3006.0	5.0
3007.0	5.0
3008.0	4.0
3009.0	5.0
3010.0	6.0
3011.0	8.0
3012.0	5.0
3013.0	2.0
3014.0	5.0
3015.0	6.0
3016.0	2.0
3017.0	6.0
3018.0	4.0
3019.0	8.0
3020.0	2.0
3021.0	5.0
3022.0	4.0
3023.0	3.0
3024.0	3.0
3025.0	6.0
3026.0	10.0
3027.0	2.0
3028.0	5.0
3029.0	5.0
3030.0	3.0
3031.0	8.0
3032.0	1.0
3033.0	6.0
3034.0	5.0
3035.0	3.0
3036.0	3.0
3037.0	4.0
3038.0	4.0
3039.0	11.0
3040.0	4.0
3041.0	4.0
3043.0	8.0
3044.0	5.0
3045.0	4.0
3046.0	3.0
3047.0	4.0
3048.0	7.0
3049.0	3.0
3050.0	4.0
3051.0	9.0
3052.0	5.0
3053.0	5.0
3054.0	6.0
3055.0	5.0
3057.0	6.0
3058.0	5.0
3059.0	4.0
3060.0	5.0
3061.0	3.0
3062.0	3.0
3063.0	4.0
3064.0	4.0
3065.0	7.0
3066.0	8.0
3067.0	5.0
3068.0	4.0
3069.0	2.0
3070.0	6.0
3071.0	4.0
3072.0	5.0
3073.0	5.0
3074.0	9.0
3075.0	9.0
3076.0	8.0
3077.0	8.0
3078.0	2.0
3079.0	6.0
3080.0	9.0
3081.0	5.0
3082.0	7.0
3083.0	6.0
3084.0	3.0
3085.0	4.0
3086.0	8.0
3087.0	2.0
3088.0	6.0
3089.0	8.0
3090.0	2.0
3091.0	6.0
3092.0	2.0
3093.0	6.0
3094.0	1.0
3095.0	4.0
3096.0	1.0
3097.0	5.0
3098.0	4.0
3099.0	4.0
3100.0	4.0
3101.0	6.0
3102.0	4.0
3103.0	7.0
3104.0	3.0
3105.0	3.0
3106.0	7.0
3107.0	6.0
3108.0	6.0
3110.0	9.0
3111.0	5.0
3112.0	5.0
3113.0	3.0
3114.0	6.0
3115.0	5.0
3116.0	4.0
3117.0	2.0
3118.0	2.0
3119.0	4.0
3120.0	4.0
3121.0	5.0
3122.0	3.0
3123.0	4.0
3124.0	3.0
3125.0	5.0
3126.0	1.0
3127.0	4.0
3128.0	2.0
3129.0	2.0
3130.0	5.0
3131.0	4.0
3132.0	2.0
3133.0	3.0
3134.0	3.0
3135.0	2.0
3136.0	1.0
3137.0	4.0
3138.0	1.0
3139.0	4.0
3140.0	3.0
3141.0	2.0
3142.0	3.0
3143.0	2.0
3144.0	3.0
3145.0	4.0
3146.0	1.0
3147.0	5.0
3148.0	3.0
3149.0	4.0
3150.0	4.0
3151.0	4.0
3152.0	2.0
3153.0	5.0
3154.0	5.0
3155.0	4.0
3156.0	3.0
3157.0	1.0
3158.0	2.0
3159.0	6.0
3160.0	4.0
3161.0	8.0
3162.0	2.0
3163.0	2.0
3164.0	6.0
3165.0	5.0
3166.0	5.0
3167.0	5.0
3168.0	3.0
3171.0	2.0
3172.0	6.0
3173.0	2.0
3174.0	4.0
3175.0	2.0
3176.0	2.0
3177.0	2.0
3178.0	4.0
3179.0	6.0
3180.0	4.0
3181.0	3.0
3182.0	6.0
3183.0	2.0
3184.0	3.0
3185.0	1.0
3187.0	4.0
3188.0	5.0
3190.0	2.0
3191.0	2.0
3192.0	4.0
3193.0	3.0
3194.0	7.0
3195.0	1.0
3196.0	1.0
3197.0	5.0
3198.0	1.0
3199.0	3.0
3200.0	5.0
3201.0	4.0
3202.0	3.0
3203.0	3.0
3204.0	3.0
3205.0	3.0
3206.0	2.0
3208.0	3.0
3209.0	7.0
3211.0	3.0
3212.0	4.0
3213.0	4.0
3214.0	2.0
3215.0	3.0
3216.0	1.0
3217.0	3.0
3218.0	1.0
3219.0	2.0
3220.0	6.0
3221.0	2.0
3222.0	1.0
3223.0	1.0
3224.0	1.0
3225.0	2.0
3226.0	2.0
3227.0	3.0
3228.0	3.0
3229.0	2.0
3230.0	2.0
3231.0	5.0
3232.0	3.0
3233.0	3.0
3234.0	5.0
3235.0	2.0
3236.0	1.0
3237.0	2.0
3238.0	1.0
3239.0	2.0
3240.0	4.0
3241.0	2.0
3242.0	4.0
3243.0	2.0
3244.0	7.0
3245.0	2.0
3246.0	4.0
3247.0	3.0
3248.0	2.0
3249.0	3.0
3250.0	6.0
3251.0	2.0
3252.0	2.0
3253.0	1.0
3254.0	4.0
3255.0	1.0
3256.0	4.0
3257.0	2.0
3258.0	3.0
3259.0	1.0
3260.0	2.0
3261.0	1.0
3262.0	1.0
3263.0	1.0
3264.0	5.0
3265.0	5.0
3267.0	3.0
3268.0	3.0
3269.0	3.0
3270.0	2.0
3271.0	2.0
3272.0	3.0
3273.0	2.0
3274.0	4.0
3275.0	4.0
3276.0	4.0
3277.0	2.0
3278.0	2.0
3279.0	2.0
3281.0	3.0
3282.0	5.0
3283.0	3.0
3284.0	3.0
3285.0	1.0
3286.0	5.0
3287.0	2.0
3288.0	1.0
3290.0	4.0
3291.0	3.0
3292.0	2.0
3294.0	2.0
3295.0	6.0
3296.0	4.0
3297.0	2.0
3298.0	2.0
3299.0	4.0
3300.0	4.0
3301.0	7.0
3302.0	4.0
3303.0	2.0
3304.0	3.0
3305.0	4.0
3306.0	5.0
3307.0	3.0
3308.0	5.0
3309.0	3.0
3310.0	2.0
3311.0	1.0
3312.0	2.0
3313.0	4.0
3314.0	2.0
3315.0	3.0
3316.0	2.0
3317.0	5.0
3318.0	4.0
3319.0	6.0
3320.0	4.0
3321.0	3.0
3322.0	2.0
3323.0	3.0
3324.0	2.0
3325.0	3.0
3326.0	2.0
3327.0	1.0
3328.0	3.0
3329.0	5.0
3330.0	1.0
3331.0	5.0
3332.0	4.0
3333.0	3.0
3334.0	2.0
3335.0	1.0
3336.0	4.0
3337.0	7.0
3338.0	3.0
3339.0	6.0
3340.0	3.0
3341.0	2.0
3342.0	2.0
3343.0	3.0
3344.0	1.0
3345.0	2.0
3346.0	1.0
3347.0	5.0
3348.0	2.0
3349.0	1.0
3350.0	2.0
3351.0	2.0
3352.0	2.0
3353.0	3.0
3354.0	3.0
3355.0	6.0
3356.0	3.0
3357.0	6.0
3358.0	3.0
3359.0	3.0
3360.0	3.0
3361.0	1.0
3362.0	3.0
3365.0	3.0
3366.0	1.0
3367.0	1.0
3368.0	4.0
3369.0	4.0
3370.0	7.0
3371.0	2.0
3372.0	4.0
3373.0	4.0
3374.0	3.0
3375.0	2.0
3376.0	1.0
3377.0	4.0
3378.0	2.0
3379.0	2.0
3380.0	2.0
3381.0	1.0
3382.0	3.0
3383.0	1.0
3384.0	2.0
3385.0	1.0
3386.0	2.0
3387.0	1.0
3388.0	3.0
3389.0	4.0
3390.0	5.0
3391.0	3.0
3392.0	9.0
3393.0	2.0
3394.0	1.0
3395.0	3.0
3397.0	5.0
3398.0	2.0
3399.0	5.0
3400.0	5.0
3401.0	4.0
3402.0	5.0
3403.0	1.0
3404.0	3.0
3405.0	1.0
3406.0	6.0
3407.0	2.0
3408.0	2.0
3409.0	4.0
3410.0	5.0
3411.0	2.0
3412.0	2.0
3413.0	5.0
3414.0	3.0
3415.0	3.0
3416.0	7.0
3417.0	4.0
3418.0	3.0
3419.0	6.0
3420.0	2.0
3421.0	3.0
3422.0	3.0
3423.0	4.0
3424.0	5.0
3425.0	1.0
3426.0	3.0
3427.0	6.0
3428.0	4.0
3429.0	3.0
3430.0	5.0
3431.0	2.0
3432.0	2.0
3433.0	2.0
3434.0	2.0
3435.0	2.0
3436.0	5.0
3437.0	4.0
3438.0	2.0
3439.0	5.0
3440.0	3.0
3441.0	2.0
3442.0	2.0
3443.0	3.0
3444.0	2.0
3445.0	3.0
3447.0	5.0
3448.0	3.0
3450.0	2.0
3451.0	4.0
3452.0	4.0
3453.0	1.0
3454.0	1.0
3456.0	1.0
3457.0	3.0
3458.0	2.0
3459.0	3.0
3460.0	5.0
3461.0	1.0
3462.0	1.0
3463.0	1.0
3464.0	4.0
3466.0	2.0
3467.0	1.0
3468.0	3.0
3469.0	1.0
3472.0	3.0
3473.0	2.0
3474.0	1.0
3475.0	5.0
3476.0	6.0
3477.0	2.0
3478.0	5.0
3479.0	4.0
3481.0	2.0
3482.0	1.0
3483.0	1.0
3484.0	2.0
3485.0	3.0
3486.0	3.0
3488.0	1.0
3489.0	3.0
3490.0	3.0
3492.0	2.0
3493.0	1.0
3494.0	1.0
3495.0	1.0
3496.0	2.0
3499.0	4.0
3501.0	2.0
3503.0	2.0
3504.0	2.0
3505.0	3.0
3506.0	3.0
3507.0	4.0
3509.0	2.0
3511.0	1.0
3512.0	1.0
3513.0	2.0
3514.0	2.0
3515.0	2.0
3516.0	5.0
3517.0	6.0
3518.0	2.0
3519.0	2.0
3520.0	1.0
3521.0	2.0
3522.0	3.0
3523.0	2.0
3524.0	2.0
3525.0	1.0
3526.0	3.0
3527.0	3.0
3528.0	1.0
3529.0	1.0
3530.0	4.0
3531.0	2.0
3532.0	4.0
3533.0	2.0
3534.0	4.0
3536.0	1.0
3537.0	1.0
3538.0	2.0
3539.0	3.0
3540.0	4.0
3541.0	1.0
3542.0	2.0
3544.0	1.0
3545.0	1.0
3546.0	2.0
3547.0	1.0
3548.0	4.0
3550.0	1.0
3552.0	1.0
3553.0	4.0
3554.0	1.0
3555.0	2.0
3556.0	1.0
3557.0	2.0
3559.0	1.0
3560.0	4.0
3562.0	3.0
3563.0	2.0
3564.0	3.0
3565.0	1.0
3567.0	1.0
3568.0	2.0
3571.0	2.0
3574.0	2.0
3576.0	2.0
3578.0	1.0
3579.0	1.0
3581.0	1.0
3582.0	2.0
3585.0	1.0
3586.0	1.0
3587.0	1.0
3589.0	1.0
3590.0	3.0
3593.0	1.0
3595.0	3.0
3597.0	1.0
3598.0	3.0
3599.0	1.0
3601.0	1.0
3602.0	1.0
3603.0	3.0
3604.0	2.0
3605.0	3.0
3607.0	2.0
3608.0	1.0
3611.0	1.0
3613.0	2.0
3614.0	2.0
3616.0	1.0
3619.0	1.0
3622.0	1.0
3625.0	1.0
3627.0	1.0
3629.0	1.0
3630.0	1.0
3631.0	1.0
3633.0	1.0
3637.0	1.0
3638.0	2.0
3642.0	1.0
3643.0	1.0
3645.0	3.0
3646.0	2.0
3647.0	4.0
3649.0	1.0
3650.0	1.0
3651.0	1.0
3653.0	1.0
3654.0	1.0
3658.0	1.0
3659.0	2.0
3660.0	1.0
3662.0	1.0
3663.0	1.0
3664.0	1.0
3666.0	2.0
3669.0	2.0
3670.0	1.0
3671.0	3.0
3676.0	2.0
3678.0	1.0
3680.0	1.0
3681.0	2.0
3685.0	1.0
3686.0	2.0
3689.0	2.0
3690.0	2.0
3692.0	1.0
3693.0	1.0
3695.0	2.0
3696.0	1.0
3697.0	1.0
3699.0	1.0
3700.0	1.0
3701.0	3.0
3702.0	4.0
3703.0	1.0
3704.0	1.0
3705.0	1.0
3709.0	1.0
3713.0	2.0
3714.0	2.0
3716.0	2.0
3717.0	2.0
3719.0	2.0
3720.0	3.0
3721.0	2.0
3722.0	3.0
3723.0	1.0
3724.0	1.0
3725.0	1.0
3726.0	1.0
3727.0	2.0
3728.0	1.0
3729.0	1.0
3731.0	3.0
3736.0	2.0
3739.0	1.0
3740.0	1.0
3741.0	2.0
3742.0	1.0
3743.0	1.0
3744.0	1.0
3746.0	1.0
3747.0	2.0
3749.0	2.0
3754.0	2.0
3758.0	2.0
3759.0	1.0
3760.0	2.0
3764.0	1.0
3765.0	1.0
3766.0	1.0
3769.0	1.0
3770.0	2.0
3771.0	1.0
3773.0	1.0
3774.0	1.0
3775.0	1.0
3776.0	1.0
3778.0	1.0
3780.0	2.0
3782.0	1.0
3784.0	2.0
3785.0	1.0
3787.0	1.0
3790.0	1.0
3792.0	2.0
3794.0	1.0
3796.0	1.0
3797.0	1.0
3799.0	1.0
3800.0	1.0
3804.0	1.0
3805.0	2.0
3807.0	1.0
3811.0	2.0
3813.0	4.0
3815.0	1.0
3821.0	3.0
3822.0	1.0
3825.0	1.0
3826.0	1.0
3827.0	1.0
3828.0	1.0
3829.0	2.0
3832.0	1.0
3833.0	2.0
3834.0	1.0
3835.0	1.0
3836.0	2.0
3837.0	1.0
3838.0	1.0
3839.0	3.0
3840.0	1.0
3842.0	2.0
3843.0	1.0
3844.0	1.0
3845.0	1.0
3846.0	2.0
3847.0	3.0
3849.0	1.0
3850.0	1.0
3854.0	4.0
3855.0	1.0
3856.0	2.0
3858.0	2.0
3859.0	1.0
3862.0	1.0
3864.0	2.0
3869.0	1.0
3870.0	1.0
3871.0	1.0
3872.0	1.0
3873.0	4.0
3875.0	1.0
3876.0	1.0
3878.0	2.0
3883.0	1.0
3884.0	1.0
3886.0	1.0
3888.0	1.0
3889.0	1.0
3890.0	1.0
3893.0	1.0
3895.0	1.0
3897.0	1.0
3900.0	1.0
3902.0	1.0
3903.0	1.0
3906.0	1.0
3909.0	1.0
3913.0	2.0
3914.0	1.0
3916.0	2.0
3917.0	1.0
3918.0	2.0
3919.0	1.0
3924.0	1.0
3925.0	1.0
3927.0	2.0
3928.0	1.0
3930.0	2.0
3931.0	2.0
3932.0	1.0
3939.0	2.0
3941.0	2.0
3944.0	1.0
3945.0	1.0
3952.0	2.0
3953.0	1.0
3954.0	1.0
3955.0	1.0
3956.0	3.0
3959.0	1.0
3964.0	1.0
3965.0	2.0
3967.0	1.0
3968.0	1.0
3969.0	1.0
3971.0	1.0
3973.0	1.0
3977.0	1.0
3979.0	1.0
3981.0	1.0
3983.0	1.0
3985.0	2.0
3988.0	2.0
3990.0	3.0
3993.0	2.0
3996.0	2.0
3998.0	1.0
4002.0	1.0
4003.0	2.0
4007.0	2.0
4008.0	1.0
4009.0	2.0
4012.0	2.0
4013.0	3.0
4015.0	1.0
4018.0	1.0
4020.0	1.0
4023.0	1.0
4026.0	1.0
4029.0	1.0
4030.0	1.0
4031.0	1.0
4032.0	1.0
4034.0	1.0
4036.0	1.0
4040.0	1.0
4041.0	1.0
4042.0	2.0
4043.0	1.0
4044.0	1.0
4045.0	1.0
4049.0	2.0
4055.0	1.0
4056.0	2.0
4057.0	1.0
4060.0	1.0
4063.0	1.0
4066.0	1.0
4070.0	1.0
4071.0	2.0
4075.0	2.0
4077.0	1.0
4083.0	1.0
4084.0	1.0
4085.0	1.0
4086.0	1.0
4095.0	1.0
4101.0	1.0
4105.0	1.0
4109.0	1.0
4111.0	1.0
4114.0	1.0
4115.0	1.0
4117.0	1.0
4118.0	1.0
4119.0	1.0
4120.0	2.0
4122.0	3.0
4124.0	1.0
4127.0	1.0
4128.0	2.0
4132.0	1.0
4134.0	1.0
4137.0	2.0
4138.0	1.0
4139.0	1.0
4144.0	1.0
4145.0	1.0
4146.0	3.0
4154.0	1.0
4155.0	2.0
4159.0	1.0
4160.0	1.0
4163.0	1.0
4169.0	1.0
4176.0	1.0
4184.0	1.0
4187.0	1.0
4193.0	1.0
4194.0	1.0
4195.0	1.0
4199.0	1.0
4200.0	1.0
4202.0	1.0
4203.0	1.0
4209.0	1.0
4213.0	1.0
4219.0	1.0
4225.0	1.0
4226.0	1.0
4228.0	1.0
4231.0	2.0
4236.0	1.0
4238.0	1.0
4239.0	1.0
4240.0	1.0
4241.0	1.0
4244.0	1.0
4248.0	1.0
4254.0	1.0
4255.0	1.0
4256.0	1.0
4257.0	2.0
4265.0	1.0
4267.0	1.0
4268.0	2.0
4269.0	1.0
4271.0	1.0
4274.0	1.0
4275.0	1.0
4278.0	1.0
4280.0	1.0
4282.0	1.0
4283.0	1.0
4285.0	1.0
4286.0	1.0
4288.0	1.0
4289.0	1.0
4291.0	1.0
4294.0	1.0
4295.0	2.0
4296.0	1.0
4299.0	1.0
4303.0	1.0
4305.0	1.0
4307.0	1.0
4310.0	3.0
4311.0	1.0
4314.0	1.0
4315.0	1.0
4316.0	1.0
4320.0	1.0
4321.0	1.0
4324.0	2.0
4325.0	2.0
4326.0	1.0
4329.0	1.0
4331.0	1.0
4333.0	2.0
4338.0	1.0
4339.0	1.0
4340.0	1.0
4341.0	1.0
4342.0	1.0
4352.0	1.0
4353.0	1.0
4354.0	3.0
4362.0	1.0
4364.0	1.0
4369.0	1.0
4374.0	1.0
4375.0	1.0
4377.0	1.0
4383.0	1.0
4384.0	1.0
4387.0	1.0
4389.0	1.0
4392.0	1.0
4394.0	2.0
4397.0	1.0
4398.0	2.0
4399.0	1.0
4400.0	1.0
4406.0	1.0
4409.0	1.0
4411.0	2.0
4413.0	2.0
4414.0	2.0
4417.0	2.0
4418.0	1.0
4419.0	1.0
4420.0	1.0
4421.0	1.0
4424.0	1.0
4426.0	1.0
4429.0	1.0
4432.0	1.0
4433.0	1.0
4436.0	1.0
4437.0	1.0
4441.0	2.0
4444.0	1.0
4446.0	1.0
4448.0	1.0
4451.0	1.0
4453.0	1.0
4456.0	2.0
4458.0	1.0
4459.0	1.0
4460.0	3.0
4462.0	1.0
4464.0	1.0
4468.0	1.0
4472.0	1.0
4487.0	1.0
4502.0	1.0
4504.0	1.0
4505.0	1.0
4506.0	1.0
4509.0	2.0
4510.0	1.0
4511.0	1.0
4513.0	1.0
4514.0	2.0
4519.0	1.0
4529.0	1.0
4530.0	1.0
4542.0	1.0
4543.0	1.0
4551.0	1.0
4562.0	1.0
4567.0	1.0
4577.0	1.0
4580.0	1.0
4591.0	1.0
4601.0	1.0
4603.0	1.0
4609.0	1.0
4610.0	1.0
4614.0	2.0
4617.0	1.0
4623.0	1.0
4629.0	1.0
4633.0	1.0
4650.0	2.0
4653.0	1.0
4654.0	1.0
4658.0	1.0
4663.0	1.0
4670.0	1.0
4673.0	1.0
4675.0	1.0
4676.0	1.0
4677.0	1.0
4686.0	1.0
4699.0	1.0
4704.0	1.0
4708.0	1.0
4722.0	1.0
4726.0	1.0
4731.0	1.0
4732.0	1.0
4739.0	1.0
4743.0	1.0
4751.0	1.0
4754.0	1.0
4757.0	1.0
4774.0	1.0
4785.0	1.0
4786.0	1.0
4787.0	2.0
4790.0	1.0
4794.0	1.0
4806.0	1.0
4809.0	1.0
4834.0	1.0
4837.0	1.0
4858.0	2.0
4861.0	1.0
4870.0	1.0
4873.0	1.0
4877.0	1.0
4892.0	1.0
4898.0	1.0
4904.0	1.0
4908.0	1.0
4916.0	1.0
4917.0	1.0
4944.0	1.0
4951.0	1.0
4954.0	1.0
4959.0	1.0
4964.0	1.0
4965.0	1.0
4966.0	1.0
4968.0	2.0
4969.0	1.0
4971.0	1.0
4972.0	1.0
4988.0	1.0
4991.0	1.0
4999.0	1.0
5002.0	1.0
5006.0	1.0
5010.0	1.0
5012.0	2.0
5013.0	1.0
5014.0	1.0
5022.0	1.0
5026.0	2.0
5029.0	2.0
5031.0	2.0
5034.0	2.0
5037.0	1.0
5042.0	2.0
5045.0	1.0
5047.0	1.0
5059.0	1.0
5061.0	2.0
5067.0	1.0
5068.0	1.0
5072.0	2.0
5076.0	2.0
5077.0	1.0
5080.0	2.0
5081.0	1.0
5085.0	1.0
5087.0	1.0
5096.0	1.0
5100.0	1.0
5103.0	1.0
5113.0	1.0
5119.0	1.0
5123.0	1.0
5129.0	1.0
5138.0	1.0
5139.0	1.0
5140.0	1.0
5143.0	2.0
5147.0	2.0
5161.0	1.0
5163.0	1.0
5164.0	2.0
5171.0	1.0
5174.0	1.0
5178.0	1.0
5192.0	1.0
5264.0	1.0
5295.0	1.0
5303.0	1.0
5304.0	1.0
5306.0	1.0
5313.0	1.0
5316.0	1.0
5328.0	1.0
5330.0	1.0
5341.0	1.0
5357.0	2.0
5364.0	1.0
5368.0	1.0
5376.0	1.0
5394.0	1.0
5396.0	1.0
5399.0	1.0
5402.0	1.0
5408.0	1.0
5430.0	1.0
5431.0	1.0
5440.0	1.0
5452.0	1.0
5458.0	1.0
5460.0	1.0
5467.0	1.0
5469.0	1.0
5474.0	1.0
5476.0	1.0
5478.0	1.0
5479.0	1.0
5482.0	1.0
5484.0	1.0
5486.0	1.0
5490.0	1.0
5491.0	1.0
5492.0	1.0
5493.0	1.0
5499.0	1.0
5503.0	1.0
5511.0	1.0
5512.0	1.0
5529.0	1.0
5537.0	1.0
5539.0	1.0
5558.0	1.0
5572.0	1.0
5577.0	1.0
5579.0	1.0
5589.0	1.0
5590.0	1.0
5604.0	1.0
5610.0	1.0
5620.0	1.0
5633.0	1.0
5645.0	1.0
5649.0	1.0
5658.0	1.0
5662.0	1.0
5681.0	1.0
5682.0	1.0
5694.0	1.0
5731.0	1.0
5765.0	1.0
5780.0	1.0
5796.0	1.0
5801.0	2.0
5810.0	1.0
5813.0	1.0
5824.0	1.0
5827.0	1.0
5848.0	1.0
5856.0	1.0
5857.0	1.0
5881.0	1.0
5883.0	1.0
5889.0	1.0
5893.0	1.0
5913.0	1.0
5919.0	1.0
5930.0	1.0
5940.0	1.0
5950.0	1.0
5964.0	1.0
5965.0	1.0
5966.0	1.0
5971.0	1.0
5991.0	1.0
6000.0	1.0
6001.0	1.0
6035.0	1.0
6045.0	1.0
6047.0	1.0
6051.0	1.0
6057.0	2.0
6065.0	1.0
6069.0	1.0
6087.0	1.0
6100.0	1.0
6103.0	1.0
6107.0	1.0
6115.0	1.0
6124.0	1.0
6147.0	1.0
6169.0	1.0
6177.0	1.0
6184.0	1.0
6192.0	1.0
6201.0	1.0
6202.0	1.0
6209.0	1.0
6231.0	1.0
6234.0	1.0
6237.0	1.0
6247.0	1.0
6248.0	1.0
6271.0	1.0
6291.0	1.0
6294.0	1.0
6296.0	1.0
6310.0	1.0
6313.0	1.0
6322.0	1.0
6335.0	1.0
6354.0	1.0
6356.0	1.0
6358.0	1.0
6364.0	1.0
6370.0	1.0
6372.0	1.0
6374.0	1.0
6388.0	1.0
6397.0	1.0
6404.0	1.0
6410.0	1.0
6417.0	1.0
6426.0	1.0
6436.0	1.0
6455.0	1.0
6475.0	1.0
6482.0	1.0
6484.0	1.0
6486.0	1.0
6488.0	1.0
6495.0	1.0
6502.0	1.0
6506.0	1.0
6508.0	1.0
6512.0	1.0
6519.0	1.0
6540.0	1.0
6543.0	1.0
6549.0	1.0
6555.0	1.0
6574.0	1.0
6585.0	1.0
6586.0	1.0
6591.0	1.0
6593.0	1.0
6608.0	1.0
6615.0	1.0
6618.0	1.0
6629.0	1.0
6640.0	1.0
6668.0	1.0
6669.0	1.0
6670.0	1.0
6672.0	1.0
6688.0	1.0
6694.0	19.0
6701.0	1.0
6713.0	1.0
6718.0	1.0
6732.0	1.0
6734.0	1.0
6737.0	1.0
6740.0	1.0
6744.0	1.0
6746.0	1.0
6756.0	1.0
6788.0	1.0
6802.0	1.0
6815.0	1.0
6825.0	1.0
6828.0	1.0
6835.0	1.0
6850.0	1.0
6866.0	1.0
6871.0	1.0
6874.0	1.0
6888.0	1.0
6889.0	1.0
6912.0	1.0
6928.0	1.0
6929.0	1.0
6943.0	1.0
6954.0	1.0
6960.0	1.0
6965.0	1.0
6975.0	1.0
6983.0	1.0
6988.0	1.0
7000.0	1.0
7001.0	1.0
7013.0	1.0
7022.0	1.0
7024.0	1.0
7026.0	3.0
7038.0	1.0
7073.0	1.0
7079.0	1.0
7092.0	1.0
7097.0	1.0
7098.0	1.0
7114.0	1.0
7122.0	1.0
7127.0	1.0
7147.0	1.0
7154.0	1.0
7160.0	1.0
7187.0	1.0
7205.0	1.0
7213.0	1.0
7218.0	1.0
7221.0	1.0
7227.0	1.0
7237.0	1.0
7244.0	1.0
7245.0	1.0
7254.0	1.0
7278.0	1.0
7289.0	1.0
7291.0	1.0
7311.0	1.0
7343.0	1.0
7345.0	1.0
7351.0	1.0
7362.0	1.0
7368.0	19.0
7380.0	1.0
7384.0	1.0
7399.0	1.0
7400.0	1.0
7416.0	1.0
7418.0	1.0
7434.0	1.0
7459.0	1.0
7470.0	2.0
7481.0	1.0
7492.0	1.0
7499.0	1.0
7517.0	1.0
7528.0	1.0
7531.0	1.0
7532.0	1.0
7539.0	1.0
7549.0	1.0
7562.0	1.0
7591.0	1.0
7607.0	1.0
7611.0	1.0
7614.0	1.0
7620.0	1.0
7625.0	1.0
7626.0	1.0
7630.0	1.0
7631.0	1.0
7643.0	2.0
7644.0	18.0
7663.0	1.0
7664.0	1.0
7674.0	1.0
7675.0	1.0
7686.0	1.0
7693.0	1.0
7703.0	1.0
7722.0	1.0
7748.0	1.0
7755.0	1.0
7772.0	1.0
7774.0	1.0
7784.0	1.0
7789.0	1.0
7795.0	1.0
7796.0	1.0
7803.0	1.0
7818.0	1.0
7819.0	1.0
7825.0	1.0
7843.0	1.0
7850.0	1.0
7857.0	1.0
7877.0	1.0
7891.0	1.0
7912.0	1.0
7913.0	1.0
7914.0	1.0
7918.0	1.0
7919.0	1.0
7951.0	1.0
7954.0	1.0
7967.0	1.0
7972.0	1.0
7990.0	1.0
8010.0	1.0
8012.0	1.0
8036.0	1.0
8042.0	1.0
8043.0	1.0
8057.0	1.0
8080.0	1.0
8086.0	1.0
8087.0	1.0
8088.0	1.0
8092.0	2.0
8099.0	1.0
8105.0	1.0
8125.0	1.0
8132.0	1.0
8142.0	1.0
8144.0	1.0
8158.0	1.0
8165.0	1.0
8176.0	1.0
8177.0	1.0
8187.0	1.0
8188.0	1.0
8200.0	1.0
8210.0	1.0
8211.0	1.0
8212.0	1.0
8220.0	1.0
8224.0	1.0
8237.0	1.0
8250.0	1.0
8266.0	1.0
8280.0	1.0
8287.0	1.0
8291.0	1.0
8301.0	1.0
8302.0	2.0
8307.0	1.0
8315.0	1.0
8319.0	1.0
8350.0	2.0
8351.0	1.0
8356.0	1.0
8366.0	1.0
8369.0	1.0
8371.0	1.0
8377.0	1.0
8391.0	1.0
8404.0	1.0
8415.0	1.0
8420.0	1.0
8421.0	1.0
8424.0	1.0
8432.0	1.0
8444.0	1.0
8467.0	1.0
8469.0	1.0
8478.0	1.0
8479.0	1.0
8485.0	2.0
8487.0	1.0
8489.0	1.0
8491.0	1.0
8497.0	1.0
8509.0	2.0
8516.0	1.0
8517.0	1.0
8539.0	1.0
8553.0	1.0
8561.0	1.0
8563.0	1.0
8581.0	1.0
8582.0	1.0
8589.0	1.0
8590.0	1.0
8601.0	1.0
8609.0	1.0
8613.0	1.0
8614.0	2.0
8617.0	1.0
8634.0	1.0
8640.0	1.0
8657.0	1.0
8667.0	1.0
8668.0	1.0
8712.0	1.0
8719.0	1.0
8740.0	1.0
8768.0	1.0
8778.0	1.0
8806.0	1.0
8817.0	1.0
8831.0	1.0
8843.0	1.0
8851.0	1.0
8873.0	1.0
8876.0	1.0
8882.0	1.0
8893.0	1.0
8922.0	1.0
8953.0	1.0
8955.0	2.0
8961.0	1.0
8963.0	1.0
8978.0	1.0
8994.0	1.0
9006.0	1.0
9018.0	1.0
9049.0	1.0
9051.0	1.0
9058.0	1.0
9064.0	1.0
9075.0	1.0
9083.0	1.0
9098.0	1.0
9111.0	1.0
9115.0	1.0
9116.0	1.0
9144.0	1.0
9145.0	1.0
9151.0	1.0
9170.0	1.0
9180.0	1.0
9183.0	1.0
9199.0	1.0
9226.0	1.0
9228.0	1.0
9230.0	1.0
9240.0	1.0
9252.0	1.0
9277.0	1.0
9283.0	1.0
9301.0	1.0
9302.0	1.0
9315.0	1.0
9316.0	1.0
9320.0	1.0
9321.0	1.0
9328.0	1.0
9338.0	1.0
9343.0	1.0
9344.0	1.0
9367.0	1.0
9376.0	1.0
9386.0	1.0
9397.0	1.0
9426.0	1.0
9431.0	1.0
9448.0	1.0
9451.0	1.0
9452.0	1.0
9460.0	1.0
9469.0	1.0
9474.0	1.0
9490.0	1.0
9491.0	1.0
9501.0	1.0
9502.0	1.0
9508.0	1.0
9544.0	1.0
9602.0	1.0
9638.0	1.0
9685.0	1.0
9702.0	1.0
9707.0	1.0
9710.0	1.0
9733.0	1.0
9740.0	1.0
9769.0	1.0
9834.0	1.0
9883.0	1.0
9889.0	1.0
9959.0	1.0
9989.0	1.0
10006.0	19.0
10010.0	1.0
10029.0	1.0
10079.0	1.0
10128.0	1.0
10156.0	1.0
10173.0	1.0
10183.0	2.0
10198.0	1.0
10203.0	1.0
10206.0	1.0
10210.0	2.0
10215.0	1.0
10229.0	1.0
10253.0	1.0
32276.0	19.0
55137.0	1.0
55138.0	14.0
55139.0	4.0
109198.0	1.0
109199.0	1.0
109200.0	17.0
