#Position (bp)	insert size
4124013.5	864.5619959277574
1.23720395E7	4942.510902023731
2.06200655E7	1759.1833301985034
2.88680915E7	2026.2237690944949
3.71161175E7	1749.0372494432072
4.53641435E7	1210.9426452709827
5.36121695E7	1682.814856505909
6.18601955E7	1320.281296295032
7.01082215E7	8898.299860837853
7.83562475E7	2556.6678038017653
8.66042735E7	807.2302153981974
9.48522995E7	649.7659309481312
1.031003255E8	1166.4811131233362
1.113483515E8	469.82350741518684
1.195963775E8	1948.1633182620003
1.278444035E8	172.93164277839028
1.360924295E8	0.0
1.443404555E8	781.0314392483734
1.525884815E8	355.65608806651335
1.608365075E8	292.75917207496263
1.690845335E8	926.2630547801367
1.773325595E8	898.6154353854196
1.855805855E8	252.87153180902737
1.938286115E8	1826.7605722627736
2.020766375E8	387.75559138666387
2.103246635E8	187.639658692224
2.185726895E8	211.60577049426516
2.268207155E8	210.24422746628454
2.350687415E8	188.06185343638955
2.433167675E8	187.98883166517135
2.481986015E8	189.494730743162
2.523226145E8	1303.5975016674977
2.598128195E8	1071.3022091624064
2.680608455E8	3404.9139952010723
2.763088715E8	1316.022554439513
2.845568975E8	8146.537291264402
2.928049235E8	838.4640562991862
3.010529495E8	802.811867126695
3.093009755E8	943.3489973798193
3.175490015E8	552.2915492018743
3.257970275E8	601.2398466123544
3.340450535E8	383.78321563949123
3.422930795E8	209.5555956253325
3.505411055E8	197.96231375985977
3.587891315E8	352.7070728129102
3.670371575E8	186.97690354306906
3.752851835E8	187.21621823918562
3.810815205E8	183.44897546922894
3.852055335E8	586.1420287771853
3.917812355E8	324.32258215544806
4.000292615E8	558.9755733406704
4.082772875E8	1124.4784515430429
4.165253135E8	1341.8903384459081
4.247733395E8	1720.4797154808823
4.330213655E8	1168.1332655583115
4.412693915E8	1112.2779891954574
4.495174175E8	420.25515270975694
4.577654435E8	186.54961891171362
4.660134695E8	188.3495808044786
4.742614955E8	196.34513611392643
4.825095215E8	189.2138156120192
4.907575475E8	289.4439274192581
4.990055735E8	186.26953826944546
5.072535995E8	187.40058877440498
5.146090395E8	185.90700341200886
5.178906245E8	182.83061889250814
5.187832105E8	186.74675731169873
5.237496515E8	888.3449580241676
5.319976775E8	478.184301001719
5.402457035E8	1086.9530316223922
5.484937295E8	602.8134552997341
5.567417555E8	1191.656368110645
5.649897815E8	1732.472870821835
5.732378075E8	223.16758652205135
5.814858335E8	658.6813124911985
5.897338595E8	247.17473222979552
5.979818855E8	417.4459328190686
6.062299115E8	369.37788495499774
6.144779375E8	478.01948475251385
6.227259635E8	339.9822016572417
6.309739895E8	214.27916202932045
6.392220155E8	186.81890391380827
6.4728106E8	184.72795569945617
6.51405073E8	0.0
6.557180675E8	0.0
6.639660935E8	163.9186440677966
6.722141195E8	737.5036163980398
6.804621455E8	729.5516287796924
6.887101715E8	1354.6342650857787
6.969581975E8	188.7322843910109
7.052062235E8	188.90011463377076
7.134542495E8	186.2340502089734
7.217022755E8	186.499512408701
7.299503015E8	422.0199358974359
7.381983275E8	185.4837067209776
7.464463535E8	187.80128246788414
7.546943795E8	188.47706244284984
7.62199406E8	186.1516180429148
7.66323419E8	0.0
7.711904315E8	0.0
7.794384575E8	171.86906546726635
7.876864835E8	198.364039821512
7.959345095E8	605.5936382533988
8.041825355E8	187.85192045071295
8.124305615E8	829.3538471945074
8.206785875E8	518.9094238895733
8.289266135E8	226.46157914620323
8.371746395E8	212.1737420739205
8.454226655E8	286.44471140867125
8.536706915E8	217.16285127100483
8.619187175E8	241.78984818643718
8.69333434E8	185.7590906617441
8.72724992E8	185.68470982142858
8.72931433E8	196.44056603773586
8.731340445E8	187.32597904026474
8.73326804E8	187.80698529411765
8.73441596E8	176.23564593301435
8.73480431E8	187.84601924759406
8.735866135E8	186.3071672354949
8.73694888E8	171.62521588946458
8.74003757E8	0.0
8.784147695E8	19.0
8.866627955E8	163.67175572519085
8.949108215E8	188.72029971614626
9.031588475E8	187.1460153497128
9.114068735E8	218.05760059443026
9.196548995E8	298.7277013142174
9.279029255E8	387.49336729762155
9.361509515E8	213.62203925648035
9.443989775E8	205.40777285965115
9.526470035E8	186.72334562613096
9.608950295E8	186.65952682083474
9.691430555E8	202.59803182361813
9.744875075E8	186.5066700305907
9.759320705E8	190.1085798816568
9.788356445E8	263.7274460368078
9.856391075E8	1707.949584096375
9.938871335E8	873.8035554478336
1.0021351595E9	534.2868200689607
1.0103831855E9	537.9210176024495
1.0186312115E9	185.47568466854364
1.0268792375E9	333.3465819350763
1.0351272635E9	271.6174889737122
1.0433752895E9	203.48852531683826
1.0516233155E9	186.73999672545685
1.0598713415E9	189.63950531347163
1.065244947E9	183.7965207852136
1.067430919E9	184.9486582278481
1.0703053395E9	3509.7546721248377
1.0763673935E9	455.7794658720499
1.0846154195E9	520.6061750606759
1.0928634455E9	2007.8743031090742
1.1011114715E9	301.42972522275875
1.1093594975E9	318.93934335766664
1.1176075235E9	365.3657556981633
1.1258555495E9	200.64177518318428
1.1341035755E9	209.32636268054839
1.1423516015E9	184.8049553944188
1.149050177E9	183.95261284491093
1.151717535E9	185.08585858585857
1.15195075E9	140.4907201187825
1.152147445E9	162.86737400530504
1.1534636805E9	678.4843550899052
1.1588476535E9	540.216914459749
1.1670956795E9	235.61939641184924
1.1753437055E9	372.68271006865785
1.1835917315E9	188.6090250012043
1.1918397575E9	186.92327772222515
1.2000877835E9	259.1292911565791
1.2083358095E9	187.6182754777503
1.2165838355E9	188.38523460666318
1.2248318615E9	186.91031622602384
1.23076644E9	184.68580027947974
1.234890453E9	623.7443467589876
1.2413279135E9	249.67051696920382
1.2495759395E9	217.81241425714447
1.2578239655E9	371.2832368633547
1.2660719915E9	243.07425105536916
1.2743200175E9	220.3033653181212
1.2825680435E9	187.82161332164105
1.288943339E9	186.6579095826466
1.291282149E9	185.30457290767905
1.2913856925E9	186.22222222222223
1.2914655495E9	193.7559704732957
1.2915628205E9	175.24155405405406
1.2916163385E9	175.0
1.2916575315E9	195.07822085889572
1.291766658E9	186.45782659866614
1.291875052E9	185.2569180683668
1.291916283E9	183.3845208845209
1.293438612E9	15225.909660322814
1.2990640955E9	3477.927737100029
1.3073121215E9	3746.532293740323
1.3155601475E9	537.6602857695781
1.3238081735E9	262100.404944241
1.3320561995E9	2127.0083949022096
1.3403042255E9	1606.2017483566199
1.3485522515E9	863.1777924561098
1.3568002775E9	1974.1089651870052
1.3650483035E9	608.436265146026
1.3732963295E9	2702.273761713521
1.3815443555E9	403.99157780734953
1.3897923815E9	246.46866922316337
1.3980404075E9	1491.15776216634
1.4062884335E9	2304.3289800282582
1.4145364595E9	1499.428615541105
1.4227844855E9	420.28604872700475
1.4310325115E9	602.3772956084014
1.4392805375E9	2243.4229864067183
1.4475285635E9	1554.2292309935774
1.4557765895E9	690.7730479007012
1.4640246155E9	188.4900426742532
1.4722726415E9	521.1269674277868
1.4805206675E9	189.58789927487047
1.4887686935E9	849.7636306043528
1.4970167195E9	374.0217765205321
1.5052647455E9	203.48270656142017
1.5135127715E9	234.1352512542695
1.5217607975E9	232.41115164298145
1.5300077405E9	184.8136421602064
1.5341317535E9	0.0
1.5382568495E9	308.37738090808745
1.5465048755E9	461.99750931080524
1.5547529015E9	316.06981360929274
1.5630009275E9	372.20900994529364
1.5712489535E9	262.1084875495445
1.5794969795E9	202.03337217303547
1.5877450055E9	188.4154445250231
1.595221928E9	183.7999054523094
1.599345941E9	0.0
1.6042410575E9	5412.693188163037
1.6124890835E9	188.86072374227714
1.6207371095E9	420.78607996770467
1.6289851355E9	187.95203862504908
1.6372331615E9	188.3031269524338
1.6433209975E9	184.91547322916415
1.6474450105E9	0.0
1.6537292135E9	187.69513039464573
1.6619772395E9	202.16166815764993
1.6702252655E9	225.40412497319892
1.6784732915E9	199.93299601410948
1.6867213175E9	185.07259721790064
1.6934743095E9	183.68526248291047
1.6961786655E9	187.7780089153046
1.696274814E9	187.9686018957346
1.6963854715E9	178.24861735669612
1.6965578825E9	186.13468141930562
1.696661813E9	161.4205882352941
1.6967741785E9	616.0122807017544
1.6969170575E9	150.7766990291262
1.697018664E9	176.4375
1.697105344E9	154.7058823529412
1.697223072E9	166.97916666666666
1.697380707E9	183.340206185567
1.6982754815E9	189.15383142984751
1.7032173695E9	1160.722272061159
1.7114653955E9	2063.6338450852227
1.7197134215E9	3107.9190543825625
1.7279614475E9	1267.548026777053
1.7362094735E9	544.0304746169397
1.7444574995E9	542.9884202184614
1.7527055255E9	1175.3453816870367
1.7609535515E9	1705.9730043287884
1.7692015775E9	1829.3111004267084
1.7774496035E9	3432.805192044937
1.7856976295E9	2464.291317709433
1.7939456555E9	189.52490940649838
1.8021936815E9	189.73327726452706
1.8104417075E9	919.0704824292459
1.8186897335E9	284.58062670008513
1.8269377595E9	581.9905598565222
1.8351857855E9	633.6115586582457
1.8434338115E9	389.1747088776364
1.8516818375E9	456.35563176384295
1.8599298635E9	580.1411869587366
1.8681778895E9	190.1350543618282
1.8764259155E9	323.37127076725153
1.8846739415E9	188.28301573462863
1.89227556E9	187.522074446002
1.895830864E9	184.53805496828753
1.8964772715E9	185.4205713078832
1.9011699935E9	2722.0063741573003
1.9094180195E9	2540.520785973714
1.9176660455E9	2156.904529699142
1.9259140715E9	710.9025791820418
1.9341620975E9	464.95423736467654
1.9424101235E9	1117.2664325072467
1.9506581495E9	561.8798332268761
1.9589061755E9	4072.626684972541
1.9671542015E9	190.36040020722703
1.9754022275E9	887.5500169448194
1.9836502535E9	189.30153254464778
1.9918982795E9	1121.871839024443
2.0001463055E9	189.34318457276427
2.0083943315E9	1340.3315936943309
2.0166423575E9	189.80485207196807
2.0248903835E9	1199.5567724769508
2.0331384095E9	779.8784818638011
2.0413864355E9	188.59348107393967
2.0496344615E9	188.9467742281227
2.0578824875E9	188.54287027310923
2.0661305135E9	187.7374543601936
2.0743785395E9	186.56518839613204
2.082312835E9	187.71166302872987
2.086227972E9	182.80160320641284
2.0865417025E9	1764.4153016866633
2.0908745915E9	981.2408200035155
2.0991226175E9	851.5280990722197
2.1073706435E9	10036.833806609033
2.1156186695E9	186.97308276385726
2.1238666955E9	189.51810642437422
2.1321147215E9	188.23207937471355
2.1403627475E9	188.763819516355
2.1486107735E9	476.7732469022684
2.1568587995E9	188.34104541559554
2.1651068255E9	875.0582863557405
2.1733548515E9	4757.08841597439
2.1816028775E9	769.2466253070742
2.1898509035E9	1396.1256319844779
2.1980989295E9	443.72539358164636
2.2063469555E9	450.71097585874986
2.2145949815E9	519.9657665223851
2.2228430075E9	292.1697251637049
2.2310910335E9	349.16774875198917
2.2393390595E9	193.92637879634805
2.2475870855E9	183.22648167631073
2.2558351115E9	186.23008644817622
2.263915105E9	185.81334579507595
2.26791743E9	170.95294117647057
2.2680854625E9	184.370820668693
2.2723311635E9	2307.3560555047857
2.2805791895E9	4287.147082804856
2.2888272155E9	8148.876954808521
2.2970752415E9	1841.5624989185542
2.3053232675E9	1456.581909419061
2.3135712935E9	435.65616132334264
2.3218193195E9	2400.466214260097
2.3300673455E9	2567.7269050727637
2.3383153715E9	2412.527133646791
2.3465633975E9	188.53883755113202
2.3548114235E9	188.7736982535138
2.3630594495E9	187.09878732512942
2.3713074755E9	511.7499396589667
2.3795555015E9	499.9051536554479
2.3878035275E9	438.79983612178125
2.3960515535E9	564.5757452611236
2.4042995795E9	188.39543036462464
2.4125476055E9	230.7327699571952
2.4207956315E9	222.36099120606445
2.4290436575E9	187.0246873949066
2.435968712E9	185.7119898725486
2.440092725E9	1526.9296594998893
2.4455397095E9	1347.1349875015735
2.4537877355E9	2374.3588077348318
2.4620357615E9	3218.6108221399504
2.4702837875E9	1579.9696324043737
2.4785318135E9	1956.383726321367
2.4867798395E9	256.4057558659272
2.4950278655E9	1037.6047517681795
2.5032758915E9	1172.3740824425379
2.5115239175E9	629.5412404622688
2.5197719435E9	656.2700407472811
2.5280199695E9	237.91274248918322
2.5362679955E9	253.91265569523924
2.5445160215E9	615.5789141414141
2.5527640475E9	188.81658574107013
2.5610120735E9	636.3759676320624
2.5692600995E9	186.7980368129055
2.5775081255E9	246.70162972029556
2.5857561515E9	185.67397147750066
2.5939979455E9	185.91250413852114
2.5981219585E9	0.0
2.6022522035E9	555.8102597882493
2.6105002295E9	7611.520722780555
2.6187482555E9	1264.655586361637
2.6269962815E9	1700.6992880865737
2.6352443075E9	1127.5879668049793
2.6434923335E9	1892.9437625974092
2.6517403595E9	2156.639714020555
2.6599883855E9	1335.4700258275477
2.6682364115E9	364.76352811549793
2.6764844375E9	436.62033264311003
2.6847324635E9	2583.4454748476473
2.6929804895E9	218.6493679733211
2.7012285155E9	582.0087359297654
2.7094765415E9	188.93370743246962
2.7177245675E9	187.9431255554145
2.7259725935E9	669.9415346128677
2.7342206195E9	186.22484389087387
2.7407994975E9	183.57949297660704
2.7449235105E9	3548.3574266719816
2.7507166715E9	3960.252624434389
2.7589646975E9	868.8944205238607
2.7672127235E9	2068.2673334719884
2.7754607495E9	306.2655563986614
2.7837087755E9	4739.944945546098
2.7919568015E9	163.12191103789127
2.8002048275E9	184.21783876500857
2.8084528535E9	191.95669185908116
2.8167008795E9	704.1790044085232
2.8249489055E9	1081.843534113155
2.8331969315E9	618.1643605339926
2.8414449575E9	468.28425796804385
2.8496929835E9	188.54866507332187
2.8579410095E9	241.04281052275272
2.8661890355E9	186.88606960709532
2.8744370615E9	185.08181656046375
2.880105077E9	182.3285034262698
2.8816691105E9	194.81441441441441
2.8817081685E9	193.55820105820106
2.881815618E9	185.65049751243782
2.8819235655E9	195.00237435694498
2.8821203125E9	181.84860103626943
2.88242567E9	190.6515580736544
2.8826085695E9	180.69132653061226
2.882755976E9	185.0
2.882939838E9	186.84888405008167
2.8830861915E9	185.02447853818308
2.8833246155E9	187.20543093270365
2.8835330345E9	165.5179856115108
2.8840139925E9	190.30168360382223
2.884682622E9	183.01703406813627
2.8849783395E9	187.5646989835809
2.8851293765E9	175.03684210526316
2.88523294E9	191.02122347066168
2.885380196E9	185.1172928709056
2.8855523165E9	185.82620689655172
2.8856843195E9	182.05135520684735
2.885822535E9	179.96114285714285
2.885958065E9	182.86986301369862
2.886082272E9	174.5204081632653
2.886192519E9	187.8859375
2.886295634E9	188.63403819918145
2.88640561E9	187.59955643173979
2.8865546035E9	181.44260599793174
2.8867224755E9	179.15257731958764
2.8868061825E9	188.57142857142858
2.886892758E9	189.27920313914882
2.887031009E9	167.95035460992906
2.8871976565E9	188.50088391278726
2.887400046E9	189.2001588562351
2.887577206E9	188.80583583310607
2.8877881565E9	181.62790697674419
2.8879687995E9	185.26962809917356
2.8881279725E9	184.93278977523138
2.888311843E9	186.21960784313725
2.8884852595E9	189.319357092942
2.8886875845E9	179.62105263157895
2.888985801E9	183.42487046632124
2.889229866E9	179.2090395480226
2.8895790755E9	192.76171669299632
2.889951796E9	178.10077519379846
2.8901135465E9	191.75706771860618
2.8902557705E9	173.35099337748343
2.8904186985E9	192.70754716981133
2.8906437185E9	175.01612903225808
2.8908288345E9	183.26507276507277
2.890981424E9	183.57451824518245
2.8911688005E9	185.03856152512998
2.8913080195E9	170.25
2.8914628095E9	184.2794612794613
2.8916585145E9	185.2940392940393
2.8925472575E9	189.3232869119379
2.893404342E9	175.88990825688074
2.8935413165E9	182.875
2.8937144E9	183.57926829268294
2.8938670755E9	191.0032299741602
2.894495074E9	188.53879395010804
2.896831261E9	186.13755805243446
2.8986932995E9	191.80453257790367
2.8988572775E9	184.7314814814815
2.8989957195E9	183.64615384615385
2.8994933275E9	189.4970668429315
2.89996607E9	186.9905063291139
2.900096484E9	177.32068311195445
2.9002881635E9	187.93459204315576
2.9005228225E9	186.0723373318793
2.9007376895E9	177.14955357142858
2.9009214585E9	182.9356325048869
2.9011053345E9	193.08673360393078
2.901244009E9	190.22275479313825
2.9018593855E9	188.24621618883597
2.902550898E9	185.79653070792313
2.9027498425E9	176.0438413361169
2.9029180535E9	178.20928338762215
2.9030958505E9	183.3398533007335
2.903236903E9	177.21484375
2.903378271E9	183.94018691588786
2.9035976075E9	184.8095238095238
2.9042365785E9	185.29188822264962
2.9048794465E9	188.1792172121767
2.9053418075E9	190.12982852835876
2.9057249595E9	176.7709497206704
2.905983073E9	177.4428223844282
2.906237048E9	182.5280487804878
2.9063221355E9	188.34821428571428
2.906419947E9	185.03371343579573
2.906652359E9	182.96166423919317
2.9068714015E9	186.12139992708714
2.9070190175E9	184.02102102102103
2.907136287E9	186.5246710526316
2.9072577055E9	185.55844845908607
2.9073733645E9	191.56657223796034
2.9076229215E9	192.46130825138948
2.9079320895E9	188.997813729777
2.9081124645E9	182.2609649122807
2.9083581135E9	185.92811002292143
2.908607172E9	184.7375
2.908806396E9	182.69625423798047
2.9090000085E9	184.2657189721159
2.909237002E9	185.75455723542117
2.909487479E9	190.63758782201404
2.909666712E9	180.73684210526315
2.9098444145E9	192.17876211192407
2.910040618E9	189.28987921699292
2.910170176E9	183.13368983957218
2.910297114E9	179.83445945945945
2.910473855E9	182.53019351830264
2.910761647E9	189.85422612513722
2.9109858275E9	187.64350797266516
2.9110662745E9	179.57558139534885
2.911245746E9	189.56740467404674
2.9114494045E9	188.96308549538568
2.911543586E9	185.3125
2.9116129135E9	188.56709956709958
2.9117490855E9	190.28764126868393
2.9118852715E9	186.58752070679182
2.91203718E9	178.17343173431735
2.91216737E9	190.5490394337715
2.9122334675E9	183.40689655172415
2.9123573765E9	193.69586374695865
2.9125433715E9	183.6106442577031
2.9126854405E9	185.90983606557376
2.9128219235E9	175.93798449612405
2.913059947E9	185.52025747822793
2.913232047E9	178.69642857142858
2.9134117735E9	190.36832378488265
2.914328412E9	187.03939644102
2.915174319E9	184.8706001519372
2.915940367E9	192.25669631554962
2.916855563E9	189.24545987111892
2.9172265895E9	189.85430988894765
2.9175218075E9	187.5965803493991
2.917833762E9	188.82786608048698
2.918104484E9	188.4506082725061
2.918421329E9	185.35765550239233
2.9188311555E9	187.3105241264559
2.919113692E9	183.13117621337997
2.9192127795E9	182.96081923419413
2.919361199E9	183.58221489678988
2.919639416E9	190.78813559322035
2.920969266E9	186.61345251291243
2.9222335585E9	186.5851640513552
2.9223746255E9	189.25620188195037
2.922607307E9	183.04706684856754
2.922990831E9	184.45814415437005
2.9232848535E9	184.2284263959391
2.9248217345E9	187.18522670216367
2.926399337E9	188.23793250747545
2.926573575E9	189.44543147208122
2.926675323E9	187.44638242894058
2.9273955645E9	182.46254426586762
2.9283065605E9	185.1881096999816
2.928675888E9	179.61867704280155
2.928905799E9	178.5366568914956
2.929078094E9	184.2831168831169
2.929177585E9	181.12320916905443
2.929312155E9	184.26150319305714
2.929457484E9	181.83333333333334
2.929658268E9	189.4560546875
2.929885578E9	187.6812749003984
2.9300671115E9	188.2859712230216
2.9302185265E9	168.94285714285715
2.9303547775E9	176.17845117845118
2.930518526E9	182.75477278838397
2.930682299E9	182.9642375168691
2.9307971655E9	180.4721295855169
2.930854517E9	179.55981391227292
2.93107383E9	190.14394969408565
2.9313517695E9	190.42057761732852
2.9315308925E9	192.25236486486486
2.9317028365E9	183.52214452214452
2.9318023465E9	181.86072607260726
2.9319408055E9	188.37873754152824
2.9325515445E9	187.0205661603924
2.9331095955E9	180.5
2.9332331755E9	185.42616158626814
2.933321893E9	181.62585391487124
2.93344294E9	183.99108129439622
2.933566615E9	182.89772727272728
2.933681945E9	179.83798882681563
2.9338372665E9	183.76638655462185
2.934009815E9	176.17916666666667
2.93414774E9	187.94174757281553
2.934243411E9	190.1748203106886
2.9343431015E9	183.91192504258944
2.9345144045E9	188.18023780854907
2.9347374925E9	182.86848
2.934982691E9	184.96191735255235
2.9352665915E9	185.83181914219313
2.93544909E9	183.3175214942188
2.9355482175E9	185.95803642121933
2.935678085E9	185.57035775127767
2.935901925E9	179.9128256513026
2.9361164625E9	188.53318824809577
2.936242911E9	192.0424778761062
2.9363673145E9	193.95322376738307
2.936522572E9	188.98387096774192
2.936686298E9	191.94082840236686
2.936850338E9	192.60202788339672
2.937037971E9	187.4277726001864
2.9372448465E9	188.89871944121072
2.9374273685E9	192.48333333333332
2.9375904835E9	190.2866323907455
2.937768082E9	189.01761006289308
2.9379456715E9	188.4920174165457
2.9381121175E9	189.2086230876217
2.9383003025E9	185.2948312236287
2.9384879905E9	180.01986754966887
2.9386500475E9	186.58259811378156
2.938920769E9	183.8074473297403
2.9396822515E9	189.0871359223301
2.940319939E9	187.17882504841833
2.94246535E9	187.20966082000774
2.9448629825E9	185.7251471418205
2.945276117E9	181.5794701986755
2.945440031E9	177.15686274509804
2.945667854E9	183.31955411054344
2.945880553E9	185.9846412287017
2.946041221E9	184.23070504797664
2.946434708E9	193.7371114582772
2.9468190745E9	186.96142719382834
2.9494979735E9	187.62710385238748
2.952147541E9	182.25881057268722
2.952294951E9	181.58250497017892
2.9525364005E9	186.36523994811932
2.9527433355E9	179.08670520231215
2.9527903395E9	183.0
2.9535019345E9	187.99900725941552
2.954297591E9	182.74774774774775
2.9544634765E9	179.74303842086712
2.9549070915E9	185.1223908918406
2.955308858E9	186.2962962962963
2.955482869E9	184.20467502850627
2.9557224705E9	185.0579268292683
2.9559104E9	188.2897091722595
2.9560879905E9	186.14831981460023
2.9562757145E9	188.07377979568673
2.956432736E9	191.7550561797753
2.956579642E9	191.01949025487255
2.956763995E9	187.73375
2.9570041095E9	193.25918367346938
2.957239189E9	190.60665362035226
2.9574278325E9	189.77763819095478
2.9576057785E9	186.25409836065575
2.957966948E9	190.10704225352112
2.959643091E9	186.19984417608103
2.9619454965E9	185.8670190124858
2.9629642995E9	185.9751503006012
2.9631882465E9	183.4741045123275
2.9638297045E9	184.91151302994945
2.964449908E9	183.77103266248764
2.964631061E9	184.51969504447268
2.964824549E9	189.7930463576159
2.9650100095E9	185.58771929824562
2.9652029495E9	187.40537084398977
2.965396084E9	183.89743589743588
2.965570043E9	189.014064697609
2.9657404625E9	185.41843971631207
2.967555776E9	186.61797216699802
2.9698945975E9	187.32402267979708
2.971045755E9	184.54549090181965
2.971690351E9	185.98653455284554
2.974202933E9	185.8085995174475
2.977077113E9	184.46524064171123
2.977610308E9	183.62634088200238
2.9777653145E9	186.26192794547225
2.9801505935E9	185.99532840354848
2.982955129E9	184.26576139670223
2.983539274E9	184.13248638838476
2.984703745E9	186.94135930377124
2.9871683795E9	185.09504268176545
2.9890448965E9	187.27792027359197
2.9895768225E9	193.4486148346738
2.990013438E9	186.53888407054063
2.9909450775E9	186.05493575847302
2.991486762E9	199.7900923593619
2.9914961835E9	158.0
2.991498403E9	161.5
2.9915004565E9	163.0
2.9915021635E9	0.0
2.9915136375E9	190.8
2.9915265835E9	153.4
2.991529392E9	139.0
2.9915307145E9	0.0
2.9915325745E9	0.0
2.9915342115E9	0.0
2.99154091E9	165.75
2.9915659545E9	0.0
2.991585389E9	0.0
2.9915873015E9	132.5
2.991589869E9	125.66666666666667
2.991591628E9	144.0
2.991593215E9	0.0
2.991595448E9	109.0
2.9915976785E9	0.0
2.99159977E9	0.0
2.991601514E9	0.0
2.991602727E9	185.0
2.9916041595E9	0.0
2.991605782E9	0.0
2.991802493E9	184.16890727335402
2.99199914E9	152.65217391304347
2.9920006435E9	163.8
2.9920034905E9	160.58904109589042
2.992051942E9	160.73134328358208
2.992154686E9	187.9422506488691
2.992212966E9	259.25
2.992216201E9	195.25
2.9922185675E9	191.71428571428572
2.9922208195E9	184.875
2.992222888E9	139.6
2.9922245135E9	155.5
2.992236508E9	168.22727272727272
2.9923169155E9	160.65769230769232
2.9923888155E9	159.28571428571428
2.992395716E9	110.5
2.99240296E9	177.57142857142858
2.992408817E9	156.68421052631578
2.99241312E9	153.45454545454547
2.992415696E9	125.0
2.992418137E9	133.0
2.9924207125E9	204.0
2.992422293E9	158.14285714285714
2.992468444E9	179.20689655172413
2.9925146995E9	148.0
2.9925161E9	0.0
2.9925175995E9	161.0
2.992519784E9	168.55
2.992522045E9	141.3
2.9925263445E9	181.77777777777777
2.992545384E9	167.875
2.9925831375E9	151.63013698630138
2.992607717E9	159.30434782608697
2.992612316E9	179.54545454545453
2.9926178245E9	168.95833333333334
2.9926241555E9	178.76923076923077
2.992628755E9	149.2
2.9926331735E9	164.17241379310346
2.9926368975E9	170.51807228915663
2.9926382435E9	180.0
2.9926394475E9	176.33333333333334
2.992641481E9	146.11764705882354
2.9926433545E9	150.5
2.9926445925E9	186.25
2.9926460205E9	170.0
2.9926472475E9	141.5
2.992648321E9	156.46153846153845
2.992649783E9	181.0
2.992652112E9	179.0
2.9926553045E9	0.0
2.9926612295E9	156.0
2.9926659135E9	0.0
2.99266696E9	142.0
2.9926681315E9	0.0
2.992669974E9	261.0
2.992671936E9	0.0
2.992673276E9	190.0
2.9926747875E9	260.0
2.9926763355E9	0.0
2.9926774285E9	0.0
2.9926788075E9	0.0
2.9926804435E9	154.0
2.9926820605E9	154.0
2.9926835895E9	0.0
2.9926850725E9	0.0
2.992686387E9	0.0
2.9926878375E9	123.0
2.9926892975E9	0.0
2.9926919E9	134.0
2.9926945755E9	219.0
2.9926964715E9	122.0
2.9926986245E9	0.0
2.992700175E9	0.0
2.9927020895E9	128.0
2.992704681E9	186.0
2.9927100795E9	163.2
2.9927178965E9	170.26666666666668
2.9928131655E9	189.3872053872054
2.9929942125E9	190.87024111675126
2.9931647125E9	176.64043099757384
2.99333546E9	191.4133445237096
2.9935040225E9	183.09684684684686
2.9935902425E9	181.84615384615384
2.993679866E9	189.14727272727274
2.9938673145E9	187.6240234375
2.994003041E9	177.4277456647399
2.994087277E9	184.93326566861202
2.994162061E9	187.47543352601156
2.9942162495E9	189.489235964542
2.99434886E9	189.20299727520435
2.994494888E9	179.71162790697673
2.994620928E9	184.26459854014598
2.9947747325E9	187.7242765273312
2.9949245285E9	182.67315175097275
2.995013772E9	0.0
2.9950591165E9	184.18591549295775
2.995110684E9	179.0669106116048
2.995149141E9	172.57407407407408
2.9952072975E9	180.99212598425197
2.995282718E9	161.17741935483872
2.9953872025E9	178.6137832017229
2.995549431E9	187.6539868324799
2.9957311045E9	160.96390026051358
2.995899982E9	185.07064238543126
2.99913101E9	6854.897854577822
3.0064054775E9	514.4473365878947
3.0146535035E9	7047.959492695784
3.0229015295E9	188.22047020672883
3.0311495555E9	4869.621993820876
3.0393975815E9	697.8474951467158
3.0476456075E9	387.5064952545607
3.0558936335E9	186.2738790261726
3.0641416595E9	925.3851451486357
3.0723896855E9	379.9720995100954
3.0806377115E9	188.39107040448
3.0888857375E9	377.13940520446096
3.0971337635E9	189.54169755562552
3.1053817895E9	428.6732282618044
3.1136298155E9	494.8687740511301
3.1218778415E9	186.7362639952858
3.1301258675E9	188.83993840327878
3.1383738935E9	187.5533585935572
3.1466219195E9	185.42578728047266
3.1513836915E9	189.22672469010212
3.1555077045E9	184.1325424721734
3.1631179715E9	19100.030658074596
3.1713659975E9	150.74910394265234
3.1796140235E9	141.24444444444444
3.1878620495E9	19.0
3.1961100755E9	19.0
3.2043581015E9	0.0
3.20886549E9	184.48809523809524
3.2092674855E9	236.0
3.209519677E9	189.29927760577917
3.209892578E9	187.78548177083334
3.2101846785E9	185.34140147607332
3.2105124185E9	186.60275943795497
3.2107704875E9	187.22827737472582
3.2109366555E9	186.55037664783427
3.2111129705E9	182.5324813631523
3.211276395E9	184.7787610619469
3.211417082E9	195.26794258373207
3.2117631015E9	187.28702220187685
3.2120996225E9	186.25015595757955
3.2123906835E9	185.24742268041237
3.212785749E9	184.87436932391523
3.213056867E9	189.26236429433052
3.213403592E9	194.51908129682795
3.2137350435E9	175.71122994652407
3.2140934165E9	189.72910216718267
3.214431141E9	189.70178926441352
3.214684071E9	186.56010798793076
3.214970895E9	180.86121819583656
3.2152807965E9	187.67154292023184
3.2157122075E9	189.9752896270006
3.216124641E9	185.70788732394365
3.2165191445E9	184.25321336760925
3.2167284695E9	135.0
3.216816394E9	184.02696629213483
3.2169855065E9	164.46428571428572
3.217221355E9	187.14437194127242
3.2174198055E9	178.15712494776432
3.217547141E9	185.83620689655172
3.2177472715E9	191.48418334409297
3.218075865E9	188.28500997769692
3.2184014195E9	181.9446153846154
3.21861934E9	181.50229709035222
3.218790037E9	179.09328358208955
3.218927574E9	182.43367346938774
3.219178228E9	189.34881455017862
3.219695868E9	185.9506496156724
3.2201537955E9	188.7196144922363
3.220316351E9	184.1451612903226
3.2205178835E9	174.26072607260727
3.2208124235E9	184.0655737704918
3.2210694465E9	188.89904264577893
3.221262018E9	190.16390758595597
3.221402796E9	185.86565809379726
3.221707994E9	191.21320780838985
3.2222369555E9	186.998941308807
3.2228721145E9	187.82096584216725
3.2233024115E9	185.22119428090832
3.224185272E9	188.0981314976117
3.227369036E9	186.37617604487065
3.2298928435E9	181.4775413711584
3.2301042805E9	179.26174496644296
3.2302653395E9	181.6931200252187
3.2304298405E9	181.12087912087912
3.230578831E9	185.75641025641025
3.2308109625E9	184.54407938257992
3.2311861265E9	178.18820861678006
3.231488962E9	176.14285714285714
3.231720614E9	187.32276187024283
3.231991785E9	188.39547413793105
3.2321666995E9	178.3957219251337
3.232216515E9	198.0
3.2323221585E9	182.89487575319953
3.2325224045E9	188.23659408514789
3.232694619E9	190.72676056338028
3.2328560365E9	188.86261040235524
3.233001453E9	187.43003494282084
3.233110552E9	189.9519927536232
3.233195703E9	187.40151515151516
3.233719122E9	191.63581488933602
3.2344825705E9	188.1351931330472
3.234858778E9	175.0071942446043
3.2350518705E9	191.5
3.2352970795E9	27.18516674962668
3.235487229E9	181.24516785350966
3.23556284E9	185.54186443895955
3.2357844895E9	189.83839637797576
3.2360469455E9	177.5952380952381
3.236148746E9	184.7310924369748
3.2362408545E9	177.8293650793651
3.2363769755E9	189.18077324973876
3.2365418755E9	190.49712770658417
3.2369905015E9	185.10149929235823
3.2374218665E9	182.366511627907
3.239490992E9	187.0844823871593
3.241990473E9	186.64388356669124
3.2436894095E9	190.25358110723965
3.2449015995E9	183.365072587532
3.245894665E9	187.1900288651441
3.246991954E9	188.99483490130973
3.24716499E9	187.267929089444
3.2472888625E9	183.2189781021898
3.24751439E9	185.47235065655633
3.247732711E9	183.5135286998617
3.2479482185E9	185.43751983917045
3.248209812E9	177.98275862068965
3.24843581E9	189.08767772511848
3.248742054E9	183.31663974151857
3.2489922825E9	179.23387096774192
3.249241512E9	184.44070831675288
3.2495832255E9	184.98714705681274
3.249768684E9	192.6627294203162
3.2498970865E9	186.9559748427673
3.2500641525E9	189.44552845528455
3.250233321E9	184.91379310344828
3.2504641475E9	189.7380281690141
3.2507314375E9	187.87165178571428
3.250931609E9	190.77
3.25110035E9	188.0076481835564
3.251272805E9	186.9409594095941
3.251406084E9	190.24137931034483
3.251536554E9	188.9203539823009
3.2517286605E9	190.1238866396761
3.251890496E9	183.40796019900498
3.252026404E9	193.45038167938932
3.252184881E9	188.80307692307693
3.252336209E9	186.03623188405797
3.2524929725E9	185.48494983277592
3.2526492185E9	186.2357512953368
3.252814558E9	183.88927698218652
3.252978446E9	182.39901256732495
3.2531275405E9	183.5598062953995
3.25325064E9	182.66930379746836
3.2533951605E9	181.98578199052133
3.2535133475E9	185.0
3.2536423935E9	162.0
3.2537978295E9	189.66563393708293
3.253870882E9	171.89655172413794
3.253946123E9	187.8624641833811
3.254096418E9	189.21441395229547
3.254345392E9	182.04901960784315
3.2545957105E9	186.36756126021004
3.254776607E9	182.86206896551724
3.254944905E9	183.84493670886076
3.2550827185E9	188.38252148997134
3.2552740765E9	187.8042065244052
3.2555665205E9	189.1095948827292
3.255809726E9	187.90409285277948
3.256051128E9	192.12038043478262
3.256279016E9	179.5855855855856
3.256596293E9	185.0052098408104
3.256894877E9	187.3544776119403
3.2570348465E9	186.01970443349754
3.257231861E9	180.1725
3.257389304E9	172.65886287625418
3.257504313E9	179.81948051948052
3.257685022E9	186.73100120627262
3.257881507E9	177.990231990232
3.257999374E9	182.89376443418013
3.2581168145E9	178.41507720254313
3.2582318895E9	171.62
3.258321402E9	181.0
3.2585547095E9	160.4972356599862
3.258863297E9	182.65217391304347
3.2590463295E9	186.9997795414462
3.25912794E9	171.19402985074626
3.259291952E9	183.3758807588076
3.2594320355E9	179.73880597014926
3.259672221E9	189.51063075832744
3.2600461745E9	182.43818920487521
3.2603277075E9	182.6045169798879
3.2605482325E9	188.5272016831981
3.260742234E9	188.6180313025482
3.260933481E9	189.51102204408818
3.261038819E9	179.66666666666666
3.261157713E9	185.09074686054197
3.2614027625E9	182.6454055077127
3.2617565025E9	179.61760461760463
3.261965113E9	0.0
3.2620482395E9	181.02857142857144
3.2621604085E9	184.2041756217378
3.262392697E9	186.72958500669344
3.2627244025E9	173.66212534059946
3.263054774E9	181.55634638196915
3.264735664E9	189.1980224874248
3.2674858885E9	188.19915346805024
3.2689381125E9	185.57104719689718
3.269171626E9	178.50493827160494
3.269355991E9	188.62818371607517
3.2695604285E9	184.2613304488913
3.26965773E9	183.77583262169085
3.26993266E9	182.95708988620382
3.270438985E9	181.65518588449768
3.2709049115E9	185.87690925426776
3.271341747E9	188.25703073904512
3.271578546E9	177.91304347826087
3.271593411E9	167.92857142857142
3.2716165405E9	184.548644338118
3.2716650485E9	179.45283018867926
3.2719007085E9	190.66559485530547
3.2721096115E9	160.5
3.2729032935E9	185.61250418509576
3.2739480185E9	184.92365287836014
3.2743123675E9	186.01041470606688
3.2744423285E9	187.4035532994924
3.274567552E9	190.28403990024938
3.275092502E9	192.15722517398788
3.2756214355E9	187.08482825754416
3.275894228E9	188.99019314268602
3.27618417E9	189.5877866814037
3.276393725E9	181.6184210526316
3.2767256195E9	189.57019871135415
3.277112807E9	185.84528470746167
3.2774711835E9	186.80524610887255
3.278164618E9	189.34674308387523
3.278892452E9	188.36136749612345
3.279410368E9	188.15702306079663
3.279738184E9	189.71396697902722
3.2799490295E9	185.58772590361446
3.2803376225E9	186.08096740273396
3.2808102315E9	186.93332105360102
3.281147748E9	189.9254835039818
3.2814049345E9	189.03779985461594
3.2816159575E9	175.3302752293578
3.282193494E9	189.88274729785195
3.2832442865E9	189.41180779372985
3.283878427E9	185.38594073053068
3.284133872E9	183.7521072796935
3.2845392805E9	187.99251774413483
3.2848106465E9	200.23880597014926
3.2850194105E9	187.83366770016414
3.285443183E9	183.79212792127922
3.2858902635E9	187.11111111111111
3.2861802865E9	181.18072289156626
3.28630889E9	188.07750209088374
3.286466028E9	184.0043023970498
3.2865893585E9	184.74756421612045
3.2868938375E9	181.73089430894308
3.28734903E9	180.09232096635031
3.2877605135E9	190.04888653857452
3.2880997695E9	187.33590495293936
3.2883004E9	184.82302631578946
3.288620315E9	181.51244377811093
3.2888990915E9	191.56508183943882
3.2891327555E9	191.0912340912341
3.2894356555E9	189.50054367524464
3.289618521E9	185.75616536633487
3.290032112E9	188.11389556074374
3.290495438E9	188.0282889316122
3.290779908E9	187.1946962067808
3.291357195E9	188.4495605937523
3.291795873E9	183.4296860011511
3.292007229E9	187.08196129404968
3.292443998E9	189.97444686818324
3.292899688E9	192.69823772028496
3.293172412E9	184.83597234611955
3.2933761555E9	183.52351115198897
3.2935874075E9	181.4807634415076
3.293753565E9	173.0093131548312
3.2939389925E9	186.24414987150007
3.294096681E9	185.14492195027944
3.2943081635E9	190.11564607052063
3.2945439495E9	185.13429256594725
3.294749721E9	189.097244732577
3.295064449E9	186.71420922294357
3.2954106905E9	190.28997317928616
3.2960894555E9	186.57454178092075
3.296694698E9	182.75857556781008
3.2968400715E9	180.65267968425425
3.297055838E9	184.56731092033957
3.2972554895E9	185.93238892466195
3.297360178E9	187.0634632819583
3.297577521E9	184.93586387434556
3.2980344385E9	187.39286859259786
3.298777168E9	175.2
