#Position (bp)	Coverage
4124013.5	5.581671663013672
1.23720395E7	5.626917155692769
2.06200655E7	5.219980029160917
2.88680915E7	5.600682636063465
3.71161175E7	5.457512743049064
4.53641435E7	5.423139548784158
5.36121695E7	3.6397645933705833
6.18601955E7	2.2099621169962362
7.01082215E7	1.6217253679850185
7.83562475E7	1.8487674505390745
8.66042735E7	2.5270082805267586
9.48522995E7	2.258880852218458
1.031003255E8	1.5725591796146132
1.113483515E8	4.929512103865822
1.195963775E8	2.360383927014779
1.278444035E8	0.08473081922874637
1.360924295E8	0.0
1.443404555E8	2.3326134034980006
1.525884815E8	9.558877845438412
1.608365075E8	5.5254292360378106
1.690845335E8	3.257728576510307
1.773325595E8	3.1502235807695076
1.855805855E8	3.0636796004280296
1.938286115E8	1.3606028884971992
2.020766375E8	5.002563158748529
2.103246635E8	3.3664989659343947
2.185726895E8	2.2756337092050876
2.268207155E8	4.274383713145424
2.350687415E8	3.1490146854532224
2.433167675E8	2.2088070527420745
2.481986015E8	5.898251038173922
2.523226145E8	2.7708548710233996
2.598128195E8	2.3035053478250433
2.680608455E8	2.584715542846252
2.763088715E8	2.570594588329377
2.845568975E8	1.678452395761119
2.928049235E8	2.141039322620952
3.010529495E8	2.203587379574216
3.093009755E8	1.810705252384025
3.175490015E8	3.5129901384888944
3.257970275E8	3.38135561163362
3.340450535E8	1.9190953083804536
3.422930795E8	4.2574573601004655
3.505411055E8	5.464543879953822
3.587891315E8	1.9330459191084024
3.670371575E8	2.9995900837363996
3.752851835E8	3.196999136520666
3.810815205E8	4.3809375455952315
3.852055335E8	6.660643336083818
3.917812355E8	5.686086949774406
4.000292615E8	3.3954124295922443
4.082772875E8	1.1921154225265536
4.165253135E8	2.5106287249821957
4.247733395E8	1.5772673364511702
4.330213655E8	2.9081649354645585
4.412693915E8	6.183646002085832
4.495174175E8	9.776596000061106
4.577654435E8	4.880142351636622
4.660134695E8	1.6406475925269877
4.742614955E8	2.3823725822396775
4.825095215E8	1.8971033796450205
4.907575475E8	2.7244533419269046
4.990055735E8	4.962690830509021
5.072535995E8	3.801954552519597
5.146090395E8	2.739418529337039
5.178906245E8	2.433639698552574
5.187832105E8	4.853684231768175
5.237496515E8	5.99003288786917
5.319976775E8	2.607837438921749
5.402457035E8	2.065173776125342
5.484937295E8	2.6035302265051055
5.567417555E8	1.6926235441061899
5.649897815E8	5.233440946961127
5.732378075E8	9.086298467051389
5.814858335E8	2.069310159788536
5.897338595E8	2.1555378220194745
5.979818855E8	1.8677013142296108
6.062299115E8	1.244766929687176
6.144779375E8	2.863390707061302
6.227259635E8	3.751685312340189
6.309739895E8	4.756851760651579
6.392220155E8	5.866992781060583
6.4728106E8	2.9841581954299476
6.51405073E8	0.0
6.557180675E8	0.0
6.639660935E8	0.01421273405297219
6.722141195E8	2.6637551821490377
6.804621455E8	3.0900329363656227
6.887101715E8	2.218923412705052
6.969581975E8	2.7523466827092933
7.052062235E8	1.6205806092269834
7.134542495E8	0.6090264506925657
7.217022755E8	0.7979152830022602
7.299503015E8	1.5393549923339234
7.381983275E8	0.5498784800144907
7.464463535E8	1.9578569466197124
7.546943795E8	1.8860111498193628
7.62199406E8	3.324869155358297
7.66323419E8	0.0
7.711904315E8	0.0
7.794384575E8	0.039333653894883455
7.876864835E8	6.072392594300745
7.959345095E8	1.6415407759383882
8.041825355E8	1.7542209493520025
8.124305615E8	2.0496261772210707
8.206785875E8	2.526182870907536
8.289266135E8	3.404913490815863
8.371746395E8	4.6990730873059805
8.454226655E8	2.190590087858598
8.536706915E8	2.284955212313831
8.619187175E8	3.021892995972612
8.69333434E8	6.283053152616151
8.72724992E8	1.1597945555230555
8.72931433E8	4.624284354533961
8.731340445E8	1.2001545993300695
8.73326804E8	2.880513294580324
8.73441596E8	3.1683851502033322
8.73480431E8	3.293945139678928
8.735866135E8	1.0473988773797813
8.73694888E8	1.4344177964745422
8.74003757E8	0.0
8.784147695E8	1.3821488923531522E-5
8.866627955E8	0.002058795643951656
8.949108215E8	1.3790585771674337
9.031588475E8	1.4999211932649097
9.114068735E8	4.347091049422007
9.196548995E8	6.493322038509578
9.279029255E8	3.312633350088858
9.361509515E8	4.383638339646359
9.443989775E8	3.9604066476027113
9.526470035E8	4.511487839635811
9.608950295E8	4.084224879989467
9.691430555E8	1.4876528032283118
9.744875075E8	3.967467444091839
9.759320705E8	0.9173694026521033
9.788356445E8	12.272911231782642
9.856391075E8	2.182281796880854
9.938871335E8	3.350498652647312
1.0021351595E9	4.767025467669476
1.0103831855E9	3.8450468027137643
1.0186312115E9	0.18414587926856682
1.0268792375E9	2.832140078122935
1.0351272635E9	3.481101174996296
1.0433752895E9	5.927410752584922
1.0516233155E9	3.17556091603009
1.0598713415E9	3.035383860332157
1.065244947E9	9.12678893319222
1.067430919E9	0.7089235721200645
1.0703053395E9	5.759883304842364
1.0763673935E9	8.7372901103852
1.0846154195E9	4.824833117645362
1.0928634455E9	2.0061401358337134
1.1011114715E9	5.131753585645826
1.1093594975E9	8.590659389289025
1.1176075235E9	4.80882359003233
1.1258555495E9	3.6623388432577686
1.1341035755E9	5.2086597447680205
1.1423516015E9	5.273824427808544
1.149050177E9	8.280525331973879
1.151717535E9	0.6212531857687065
1.15195075E9	0.9061668785318279
1.152147445E9	0.5337047205266946
1.1534636805E9	1.9676739737769453
1.1588476535E9	2.750452653762246
1.1670956795E9	1.6983223622233974
1.1753437055E9	2.2566092783897624
1.1835917315E9	1.9707549418491164
1.1918397575E9	1.1384418526323754
1.2000877835E9	2.512132357487719
1.2083358095E9	1.9895476808632757
1.2165838355E9	1.6063055572327245
1.2248318615E9	1.4225400113918167
1.23076644E9	2.183000007456234
1.234890453E9	10.550253463715947
1.2413279135E9	11.12033836944743
1.2495759395E9	9.081749378578584
1.2578239655E9	1.689676172213812
1.2660719915E9	5.77424962045464
1.2743200175E9	10.325005643774643
1.2825680435E9	11.07253735621105
1.288943339E9	9.955461164913777
1.291282149E9	1.0829225100682642
1.2913856925E9	0.7579295704295704
1.2914655495E9	2.4661346156858444
1.2915628205E9	1.6549506431349088
1.2916163385E9	0.4252041019514138
1.2916575315E9	1.6097844112769486
1.291766658E9	1.984929818283033
1.291875052E9	8.117486808197325
1.291916283E9	1.9621497231344536
1.293438612E9	1.8868056348759432
1.2990640955E9	2.321386111052511
1.3073121215E9	1.547486877466196
1.3155601475E9	4.817915826162527
1.3238081735E9	2.7942655612385314
1.3320561995E9	3.1076298741056343
1.3403042255E9	1.9482780485900506
1.3485522515E9	1.8009170921624156
1.3568002775E9	2.61353528710991
1.3650483035E9	3.9911668561665543
1.3732963295E9	1.2520872266891496
1.3815443555E9	2.401851788537039
1.3897923815E9	3.9077661733850015
1.3980404075E9	2.1120940937868045
1.4062884335E9	2.260497238975726
1.4145364595E9	1.5908727736794235
1.4227844855E9	2.947832487433963
1.4310325115E9	1.801419394167768
1.4392805375E9	1.2541652996729156
1.4475285635E9	2.3405337228568386
1.4557765895E9	2.846448228945932
1.4640246155E9	3.27562873831872
1.4722726415E9	4.870215249078992
1.4805206675E9	2.3257423048860417
1.4887686935E9	2.273592008560594
1.4970167195E9	3.478200359698187
1.5052647455E9	2.303540144029614
1.5135127715E9	4.37979232849169
1.5217607975E9	4.269500726598097
1.5300077405E9	4.207565614744854
1.5341317535E9	0.0
1.5382568495E9	3.965853162926499
1.5465048755E9	1.5661655285761709
1.5547529015E9	2.5419109978557293
1.5630009275E9	2.58872025864128
1.5712489535E9	5.0401123856787065
1.5794969795E9	4.639047815804655
1.5877450055E9	2.6367398696366866
1.595221928E9	5.424949137458079
1.599345941E9	0.0
1.6042410575E9	1.1754670753947671
1.6124890835E9	1.2248142767736183
1.6207371095E9	0.739661465664633
1.6289851355E9	2.8374950563928873
1.6372331615E9	3.244923936951702
1.6433209975E9	6.3640725258844615
1.6474450105E9	8.79552261606618E-6
1.6537292135E9	0.26746278442866206
1.6619772395E9	3.4081499015643257
1.6702252655E9	4.619844190597847
1.6784732915E9	5.198770348202103
1.6867213175E9	6.378916361320878
1.6934743095E9	5.495826706869853
1.6961786655E9	2.0700279926237446
1.696274814E9	4.0645114700430875
1.6963854715E9	16.547960750283693
1.6965578825E9	2.964168433807937
1.696661813E9	1.3198243442106001
1.6967741785E9	0.576330255057168
1.6969170575E9	0.18678133246017836
1.697018664E9	0.09946163522012579
1.697105344E9	0.07681286747313644
1.697223072E9	0.08702491469056363
1.697380707E9	0.12696441459307278
1.6982754815E9	1.3618022313923277
1.7032173695E9	2.320085436200128
1.7114653955E9	3.9805842028141036
1.7197134215E9	1.2850621469912922
1.7279614475E9	1.8558496299599443
1.7362094735E9	3.8479037287224847
1.7444574995E9	8.16012570765417
1.7527055255E9	5.757244824397983
1.7609535515E9	1.5682257791136933
1.7692015775E9	1.6041220044650684
1.7774496035E9	0.7148218252464287
1.7856976295E9	0.6547943714047458
1.7939456555E9	1.6343146832951303
1.8021936815E9	1.9780717228582936
1.8104417075E9	2.4261936128717343
1.8186897335E9	4.06283988435536
1.8269377595E9	4.2953266636162395
1.8351857855E9	2.7305151559900516
1.8434338115E9	2.087943466715551
1.8516818375E9	2.307709262798153
1.8599298635E9	1.2527014342583305
1.8681778895E9	2.086367453254876
1.8764259155E9	1.4461780309615901
1.8846739415E9	3.803382894282826
1.89227556E9	3.299867969497978
1.895830864E9	1.1878157235982676
1.8964772715E9	8.440221624767675
1.9011699935E9	4.896004207552207
1.9094180195E9	1.8370977492069012
1.9176660455E9	1.5958004982040552
1.9259140715E9	0.741420068268456
1.9341620975E9	2.5921151315478395
1.9424101235E9	1.826624091631137
1.9506581495E9	2.083581089584344
1.9589061755E9	0.5944476896653818
1.9671542015E9	2.834959176898812
1.9754022275E9	3.076339356835199
1.9836502535E9	2.4641321450732576
1.9918982795E9	1.668167268143917
2.0001463055E9	1.812411115095903
2.0083943315E9	2.152301532512143
2.0166423575E9	2.3477010135516063
2.0248903835E9	1.30117133481393
2.0331384095E9	1.3404986841700062
2.0413864355E9	1.81245076094571
2.0496344615E9	2.2172798679344607
2.0578824875E9	1.5330894931708507
2.0661305135E9	1.405889239437412
2.0743785395E9	0.8616648395628239
2.082312835E9	2.8306080979559916
2.086227972E9	0.9188303792398037
2.0865417025E9	5.574386238725368
2.0908745915E9	2.4463001207804145
2.0991226175E9	1.9433009789251392
2.1073706435E9	0.6422386398878956
2.1156186695E9	1.2222856717473976
2.1238666955E9	3.362467334608305
2.1321147215E9	0.9777817140731613
2.1403627475E9	1.9710556198537685
2.1486107735E9	1.8133709811293028
2.1568587995E9	1.831968643163831
2.1651068255E9	3.2046640008166802
2.1733548515E9	1.4577132758795863
2.1816028775E9	1.8832403050135875
2.1898509035E9	0.7871579211801709
2.1980989295E9	1.9353764161267193
2.2063469555E9	1.4893672740604842
2.2145949815E9	2.0749372031562463
2.2228430075E9	4.416939883555168
2.2310910335E9	4.6817035979275525
2.2393390595E9	3.575990909824969
2.2475870855E9	1.8493513478255281
2.2558351115E9	2.352999735936817
2.263915105E9	4.89051563828487
2.26791743E9	0.24161443105438618
2.2680854625E9	0.8453421865755045
2.2723311635E9	2.600093282926121
2.2805791895E9	2.0323955089375323
2.2888272155E9	1.8427206703761603
2.2970752415E9	3.5068951043558787
2.3053232675E9	4.702684739354605
2.3135712935E9	4.916434793003805
2.3218193195E9	3.1706277356545676
2.3300673455E9	0.8862269590323794
2.3383153715E9	1.6619033451155465
2.3465633975E9	1.514700123399223
2.3548114235E9	2.760658368438703
2.3630594495E9	0.799893453294158
2.3713074755E9	1.7446844857181585
2.3795555015E9	2.6008796529011913
2.3878035275E9	2.0187961337658247
2.3960515535E9	2.192219326175742
2.4042995795E9	2.676213435796638
2.4125476055E9	2.1148080765021837
2.4207956315E9	2.982844379976494
2.4290436575E9	2.927296664680737
2.435968712E9	2.9121642788941187
2.440092725E9	5.603739385164382
2.4455397095E9	3.331960883731453
2.4537877355E9	1.6194189979517524
2.4620357615E9	2.571025600549756
2.4702837875E9	2.520317103753068
2.4785318135E9	2.2938931084843817
2.4867798395E9	3.2564258405586983
2.4950278655E9	1.3674811403358815
2.5032758915E9	1.7383639430816538
2.5115239175E9	3.293276233610321
2.5197719435E9	1.8707596217567695
2.5280199695E9	2.5006836787371913
2.5362679955E9	6.992320101803752
2.5445160215E9	3.4856901518011703
2.5527640475E9	1.7739011734444097
2.5610120735E9	1.6881319239294348
2.5692600995E9	3.4611554328272
2.5775081255E9	3.6482909971428317
2.5857561515E9	3.593690781285122
2.5939979455E9	3.1411466515582056
2.5981219585E9	0.0
2.6022522035E9	1.2970092480309834
2.6105002295E9	1.1450276708633071
2.6187482555E9	3.687688181390311
2.6269962815E9	3.096887667424909
2.6352443075E9	2.240242210681683
2.6434923335E9	2.227883011038035
2.6517403595E9	1.7502931004339706
2.6599883855E9	1.4493239958263953
2.6682364115E9	2.4158111286264132
2.6764844375E9	1.3970283313849883
2.6847324635E9	1.3912053623497307
2.6929804895E9	2.293697425299096
2.7012285155E9	2.409139956639322
2.7094765415E9	1.3329565158984706
2.7177245675E9	2.134640215731619
2.7259725935E9	1.4966381046810473
2.7342206195E9	1.9010087989538345
2.7407994975E9	7.082758726039925
2.7449235105E9	2.3781767704241923
2.7507166715E9	1.7773724282634416
2.7589646975E9	2.013811789633059
2.7672127235E9	1.564747492309069
2.7754607495E9	4.216838792700217
2.7837087755E9	1.5709555231760908
2.7919568015E9	0.017809837165886723
2.8002048275E9	0.021452648185153637
2.8084528535E9	1.0845213145545372
2.8167008795E9	2.3295861337003543
2.8249489055E9	1.946922693987628
2.8331969315E9	2.9458375858659998
2.8414449575E9	3.4515235524233314
2.8496929835E9	2.503302244682546
2.8579410095E9	3.1807539161491487
2.8661890355E9	3.718673171010858
2.8744370615E9	7.740409887165729
2.880105077E9	11.678969755554153
2.8816691105E9	1.8001847136937748
2.8817081685E9	2.623114521469491
2.881815618E9	1.6238344312816309
2.8819235655E9	9.258950064020487
2.8821203125E9	4.704799629842796
2.88242567E9	1.1788185163362221
2.8826085695E9	0.6178602731721569
2.882755976E9	0.42337480098227054
2.882939838E9	4.899697981243046
2.8830861915E9	14.824509377153843
2.8833246155E9	0.8565279065961046
2.8835330345E9	0.35078992399220027
2.8840139925E9	1.6831048485287246
2.884682622E9	1.578201179038583
2.8849783395E9	3.0467756913540045
2.8851293765E9	0.4508220786846741
2.88523294E9	1.431687051222368
2.885380196E9	1.9612923420905535
2.8855523165E9	2.81286064867016
2.8856843195E9	0.43948671455471094
2.885822535E9	0.9511353642861975
2.885958065E9	0.19398778429056868
2.886082272E9	0.17464559083291817
2.886192519E9	0.7307695801051781
2.886295634E9	3.406996702416494
2.88640561E9	4.212992949499681
2.8865546035E9	3.511787604928631
2.8867224755E9	0.4709737711817203
2.8868061825E9	0.37902673063742287
2.886892758E9	2.1721483429459405
2.887031009E9	0.20029857034262322
2.8871976565E9	0.816485801488568
2.887400046E9	0.891122537651311
2.887577206E9	2.577803500164124
2.8877881565E9	0.12819634887130818
2.8879687995E9	0.9493603694463613
2.8881279725E9	2.1777879519950125
2.888311843E9	1.34183550966884
2.8884852595E9	1.0324287976399644
2.8886875845E9	0.2270642826657465
2.888985801E9	0.12792042255580335
2.889229866E9	0.20438080094333724
2.8895790755E9	2.019932614463337
2.889951796E9	0.16202937753593558
2.8901135465E9	2.5495636213351487
2.8902557705E9	0.2585896323970912
2.8904186985E9	0.3618653614574836
2.8906437185E9	0.1288550406397483
2.8908288345E9	1.3306510433183232
2.890981424E9	3.8552917455583295
2.8911688005E9	4.527453885851515
2.8913080195E9	0.07564548883086743
2.8914628095E9	0.1729762135665544
2.8916585145E9	1.3466194290159093
2.8925472575E9	1.0899581382429966
2.893404342E9	0.17347714858604715
2.8935413165E9	0.15486254255738008
2.8937144E9	0.15993981286644107
2.8938670755E9	2.1538379886573864
2.894495074E9	0.6331490385684612
2.896831261E9	0.8583596677703973
2.8986932995E9	0.3182050873680379
2.8988572775E9	0.15437600231353682
2.8989957195E9	0.48262730887634686
2.8994933275E9	1.1864304751401527
2.89996607E9	0.42389174055062995
2.900096484E9	0.30082928378080215
2.9002881635E9	2.277605094767536
2.9005228225E9	2.7333635045735183
2.9007376895E9	0.5051787884927067
2.9009214585E9	1.9399721355434045
2.9011053345E9	2.4575825398631816
2.901244009E9	4.189347474052507
2.9018593855E9	5.070941101325153
2.902550898E9	0.9435449706212816
2.9027498425E9	0.590315896040622
2.9029180535E9	0.775482408518582
2.9030958505E9	0.7306704394049696
2.903236903E9	0.44559300800738466
2.903378271E9	0.6927521762618216
2.9035976075E9	0.6107797945533382
2.9042365785E9	1.4494493184211967
2.9048794465E9	2.2922625986743497
2.9053418075E9	1.271848158182971
2.9057249595E9	0.4522677911601275
2.905983073E9	0.1839536343362312
2.906237048E9	2.149623694162579
2.9063221355E9	1.0286299126637555
2.906419947E9	2.243692721863344
2.906652359E9	8.802711212688946
2.9068714015E9	2.262847463779075
2.9070190175E9	0.20043806906029893
2.907136287E9	2.7710863579824183
2.9072577055E9	1.470131826302208
2.9073733645E9	0.9982009594882729
2.9076229215E9	0.7809133601468519
2.9079320895E9	1.7088377386278688
2.9081124645E9	0.5778033675673293
2.9083581135E9	2.1158449590383537
2.908607172E9	3.245041552717521
2.908806396E9	9.730832377589431
2.9090000085E9	1.0060702911481039
2.909237002E9	3.7859681032014687
2.909487479E9	1.910040723516238
2.909666712E9	0.14591955027945624
2.9098444145E9	3.507796097473607
2.910040618E9	1.6282619939501277
2.910170176E9	0.5369902668852556
2.910297114E9	0.4424367107305728
2.910473855E9	2.4818872412783226
2.910761647E9	2.2323432230062874
2.9109858275E9	2.0820902968321278
2.9110662745E9	0.20031621469487765
2.911245746E9	2.983392052540743
2.9114494045E9	1.0416484412866922
2.911543586E9	0.18952306489444878
2.9116129135E9	0.27461287352473424
2.9117490855E9	1.9749336054528566
2.9118852715E9	9.515439588947096
2.91203718E9	0.2054156109787922
2.91216737E9	4.726995437872234
2.9122334675E9	0.41226351230983005
2.9123573765E9	0.37707894242607626
2.9125433715E9	0.7247789868334942
2.9126854405E9	0.19535403343863164
2.9128219235E9	0.15681648870126644
2.913059947E9	1.0835024909339128
2.913232047E9	1.5393568804140854
2.9134117735E9	1.8899790791082858
2.914328412E9	2.733590053940445
2.915174319E9	1.636790756102555
2.915940367E9	4.028571999410978
2.916855563E9	0.848008033419694
2.9172265895E9	1.5429455549050766
2.9175218075E9	2.1668570660573887
2.917833762E9	1.2811211120741113
2.918104484E9	1.4312644691875207
2.918421329E9	1.2497678593935277
2.9188311555E9	2.0642893613070923
2.919113692E9	3.4674610449129237
2.9192127795E9	1.7624175549373262
2.919361199E9	5.204292763369794
2.919639416E9	1.7927788439845849
2.920969266E9	2.214364140929223
2.9222335585E9	3.4687678606685997
2.9223746255E9	3.225956820412169
2.922607307E9	0.9977295170765337
2.922990831E9	1.8324649872111654
2.9232848535E9	9.200485032132107
2.9248217345E9	3.0822714327125404
2.926399337E9	4.321186778891961
2.926573575E9	2.0823086217925937
2.926675323E9	4.652807714549646
2.9273955645E9	1.1648349462875536
2.9283065605E9	1.1489663078537287
2.928675888E9	0.16133395834728453
2.928905799E9	0.18198085884991966
2.929078094E9	0.3355828728519809
2.929177585E9	0.6210221793635486
2.929312155E9	2.745060669233908
2.929457484E9	0.1581213027018803
2.929658268E9	0.5081029979539801
2.929885578E9	0.23328620235573977
2.9300671115E9	1.844289331141125
2.9302185265E9	0.1889777335679853
2.9303547775E9	0.2473474248288181
2.930518526E9	1.563984280494149
2.930682299E9	2.062845612176263
2.9307971655E9	7.23930087148087
2.930854517E9	9.114047839302234
2.93107383E9	1.4445219456667453
2.9313517695E9	2.343921467260401
2.9315308925E9	1.6465291664893844
2.9317028365E9	1.4363226915772724
2.9318023465E9	4.459704328482714
2.9319408055E9	1.8072312865221893
2.9325515445E9	1.9953448157162585
2.9331095955E9	0.4676522362251336
2.9332331755E9	3.892771145200128
2.933321893E9	3.9810777177340992
2.93344294E9	4.523575365392269
2.933566615E9	0.19750614077631928
2.933681945E9	0.1947967830733524
2.9338372665E9	0.5561709520500348
2.934009815E9	0.17714975869421512
2.93414774E9	2.3586058162431516
2.934243411E9	4.342440161454808
2.9343431015E9	6.299255066995598
2.9345144045E9	4.293139269142871
2.9347374925E9	1.3391029839688182
2.934982691E9	5.176086277475463
2.9352665915E9	1.8892083165823428
2.93544909E9	2.4903928708884746
2.9355482175E9	1.1889212166233338
2.935678085E9	1.6106651270491552
2.935901925E9	0.47238906304301276
2.9361164625E9	1.3825915703923555
2.936242911E9	0.6585273849720769
2.9363673145E9	0.7440192412001484
2.936522572E9	0.4767633612873315
2.936686298E9	0.5596327354459959
2.936850338E9	0.5623673455068497
2.937037971E9	0.6684570527666117
2.9372448465E9	0.5597197296574898
2.9374273685E9	0.6652264485764987
2.9375904835E9	0.6473830976344187
2.937768082E9	0.5395693201589169
2.9379456715E9	0.5805425357393954
2.9381121175E9	3.099006238749291
2.9383003025E9	1.014279177056192
2.9384879905E9	0.44732598096986687
2.9386500475E9	2.0945142913269814
2.938920769E9	0.6700119139763359
2.9396822515E9	0.8161196346090327
2.940319939E9	2.1967057889230817
2.94246535E9	2.0196487145616504
2.9448629825E9	2.4386921624173747
2.945276117E9	0.4713442203815182
2.945440031E9	0.4220971239568046
2.945667854E9	0.9782200089743228
2.945880553E9	8.778523301252918
2.946041221E9	1.2212277227722772
2.946434708E9	3.101401417666494
2.9468190745E9	1.0765490060290044
2.9494979735E9	1.07828397412027
2.952147541E9	0.8766564285766151
2.952294951E9	2.163616572989007
2.9525364005E9	1.276279926335175
2.9527433355E9	0.8701033268990576
2.9527903395E9	0.06803637588413607
2.9535019345E9	2.322258850225648
2.954297591E9	0.3035659912329586
2.9544634765E9	1.2823410056432694
2.9549070915E9	1.1777730562561683
2.955308858E9	1.6391444746193236
2.955482869E9	0.7164691670711546
2.9557224705E9	0.4569480589101046
2.9559104E9	0.6646060996689421
2.9560879905E9	0.5269082356001648
2.9562757145E9	0.5674585716380701
2.956432736E9	0.4882260724062025
2.956579642E9	0.5770030638367672
2.956763995E9	0.5219312643620111
2.9570041095E9	0.6795630421225693
2.957239189E9	0.828887647324873
2.9574278325E9	0.5638968693227429
2.9576057785E9	2.3073435811216525
2.957966948E9	0.48554603372802035
2.959643091E9	1.2993309105316777
2.9619454965E9	2.5341205447696318
2.9629642995E9	1.6718974886820597
2.9631882465E9	5.589199129050555
2.9638297045E9	0.5693119634991506
2.964449908E9	1.5966337881807806
2.964631061E9	0.5956563535496205
2.964824549E9	0.44526405442962946
2.9650100095E9	0.5197827773467805
2.9652029495E9	0.5164138838929784
2.965396084E9	0.3525686507913239
2.965570043E9	0.5726656180763441
2.9657404625E9	2.0249850114402475
2.967555776E9	1.676395353096431
2.9698945975E9	1.7332920822752078
2.971045755E9	0.5127999406506991
2.971690351E9	2.0973240571367766
2.974202933E9	1.6599441610518055
2.977077113E9	0.38882533971649463
2.977610308E9	1.3533114376418478
2.9777653145E9	2.4693975756837423
2.9801505935E9	1.779886757259701
2.982955129E9	0.5736698438090603
2.983539274E9	2.594739352805135
2.984703745E9	0.947567066589317
2.9871683795E9	1.890482202395285
2.9890448965E9	2.1979586668017426
2.9895768225E9	1.351078799249531
2.990013438E9	1.5135050641636503
2.9909450775E9	2.0882752155980504
2.991486762E9	57.93385237491702
2.9914961835E9	0.17766051011433598
2.991498403E9	0.0
2.9915004565E9	0.10298661174047374
2.9915021635E9	0.13722826086956522
2.9915136375E9	0.03762339355559695
2.9915265835E9	0.32019927536231885
2.991529392E9	1.1773522064945878
2.9915307145E9	0.13850415512465375
2.9915325745E9	0.17750439367311072
2.9915342115E9	0.40180360721442887
2.99154091E9	0.08161948544237438
2.9915659545E9	0.005359511806845317
2.991585389E9	0.6870229007633588
2.9915873015E9	0.2290249433106576
2.991589869E9	0.24347127360385698
2.991591628E9	0.0
2.991593215E9	0.0
2.991595448E9	0.34812580784144764
2.9915976785E9	0.0
2.99159977E9	0.09887420460107685
2.991601514E9	0.1397923875432526
2.991602727E9	0.0
2.9916041595E9	0.21443736730360935
2.991605782E9	0.14842027920646583
2.991802493E9	1.4207865612749035
2.99199914E9	19.010543390105433
2.9920006435E9	1.1910935738444195
2.9920034905E9	21.396938775510204
2.992051942E9	0.29835561339169525
2.992154686E9	10.51315052664326
2.992212966E9	0.24907521578298397
2.992216201E9	0.6082815734989648
2.9922185675E9	0.2614322691975841
2.9922208195E9	0.7369624885635865
2.992222888E9	1.3254741158380319
2.9922245135E9	0.46923076923076923
2.992236508E9	0.30318656617744283
2.9923169155E9	0.3050765243328555
2.9923888155E9	0.07120197391610857
2.992395716E9	0.16943521594684385
2.99240296E9	0.4975632762144317
2.992408817E9	0.5634223799738465
2.99241312E9	0.8530587150322779
2.992415696E9	0.0
2.992418137E9	0.0
2.9924207125E9	0.09317343173431734
2.992422293E9	0.6515609264853978
2.992468444E9	0.4253907062830608
2.9925146995E9	0.6722129783693843
2.9925161E9	0.12632895559724827
2.9925175995E9	0.5692857142857143
2.992519784E9	0.1364095655102728
2.992522045E9	0.39021249195106245
2.9925263445E9	0.566420664206642
2.992545384E9	0.13276189862404536
2.9925831375E9	0.3330260376849395
2.992607717E9	0.45314834578441837
2.992612316E9	0.2685575005539552
2.9926178245E9	0.4634071340713407
2.9926241555E9	0.3569340695030854
2.992628755E9	0.5103584347254193
2.9926331735E9	1.2039337474120082
2.9926368975E9	15.050242130750606
2.9926382435E9	0.5826923076923077
2.9926394475E9	0.44298245614035087
2.992641481E9	4.021489440533531
2.9926433545E9	0.5782442748091603
2.9926445925E9	0.28291316526610644
2.9926460205E9	1.1316526610644257
2.9926472475E9	3.3265107212475633
2.992648321E9	9.864406779661017
2.992649783E9	0.33610648918469216
2.992652112E9	0.14010507880910683
2.9926553045E9	0.171671388101983
2.9926612295E9	0.06850961538461539
2.9926659135E9	0.0
2.99266696E9	0.0
2.9926681315E9	0.0
2.992669974E9	0.0
2.992671936E9	0.225113858165257
2.992673276E9	0.0
2.9926747875E9	0.0
2.9926763355E9	0.0
2.9926774285E9	0.20824742268041238
2.9926788075E9	0.0
2.9926804435E9	0.13611859838274934
2.9926820605E9	0.0
2.9926835895E9	0.0
2.9926850725E9	0.0
2.992686387E9	0.0
2.9926878375E9	0.0
2.9926892975E9	0.0
2.9926919E9	0.04792408066429419
2.9926945755E9	0.17781690140845072
2.9926964715E9	0.15210843373493976
2.9926986245E9	0.021212121212121213
2.992700175E9	0.0
2.9927020895E9	0.21236333052985704
2.992704681E9	0.0
2.9927100795E9	0.2625125125125125
2.9927178965E9	0.10573148390473698
2.9928131655E9	0.4409172425859505
2.9929942125E9	3.5377682786638243
2.9931647125E9	14.261690213965217
2.99333546E9	6.178799396748899
2.9935040225E9	1.023159205244169
2.9935902425E9	1.0085954157782515
2.993679866E9	0.6705837225019636
2.9938673145E9	1.1271159889489124
2.994003041E9	0.894316966855827
2.994087277E9	8.320569852429024
2.994162061E9	1.8775631997326394
2.9942162495E9	4.383464187949342
2.99434886E9	0.42923491081087883
2.994494888E9	0.3973275039915989
2.994620928E9	0.7617646873563073
2.9947747325E9	1.7291367148135708
2.9949245285E9	1.1684732854811533
2.995013772E9	0.0
2.9950591165E9	0.7774847483477376
2.995110684E9	5.911522480157249
2.995149141E9	0.15355499278381396
2.9952072975E9	0.28830255057167986
2.995282718E9	0.40632412176671207
2.9953872025E9	2.8550661496681626
2.995549431E9	1.310379727855456
2.9957311045E9	2.7231099383946367
2.995899982E9	3.814442713795479
2.99913101E9	1.4444382548613224
3.0064054775E9	2.0295549504814847
3.0146535035E9	2.9290134390943967
3.0229015295E9	1.8365195502536
3.0311495555E9	1.688939632343545
3.0393975815E9	2.5145078349656025
3.0476456075E9	5.5437885380089735
3.0558936335E9	0.7097361235282236
3.0641416595E9	3.4516121796900254
3.0723896855E9	2.404269094205086
3.0806377115E9	1.1474280027730273
3.0888857375E9	0.7742490142489852
3.0971337635E9	2.8054090760625634
3.1053817895E9	2.682852600125169
3.1136298155E9	2.1426321885988235
3.1218778415E9	1.6825606514819424
3.1301258675E9	2.9286542016235155
3.1383738935E9	1.3091991950558837
3.1466219195E9	4.552993285908652
3.1513836915E9	3.5649116672598895
3.1555077045E9	0.4378811756114156
3.1631179715E9	0.0977305357669823
3.1713659975E9	0.0021167489045257615
3.1796140235E9	0.0034779230812318003
3.1878620495E9	0.0
3.1961100755E9	0.0
3.2043581015E9	0.0
3.20886549E9	0.6386375759536016
3.2092674855E9	0.0
3.209519677E9	1.3737271028357483
3.209892578E9	1.2324812763987525
3.2101846785E9	3.9918309103167484
3.2105124185E9	3.295366607799096
3.2107704875E9	3.2565222623345367
3.2109366555E9	2.6712211681995472
3.2111129705E9	1.0278078651323903
3.211276395E9	0.1304192939332407
3.211417082E9	0.23957055432246718
3.2117631015E9	0.9352528038909659
3.2120996225E9	1.5497533231712315
3.2123906835E9	1.0223951314931536
3.212785749E9	2.4377952374170913
3.213056867E9	2.562588063429231
3.213403592E9	3.1849972467246412
3.2137350435E9	0.1728853119598366
3.2140934165E9	2.853420371976198
3.214431141E9	1.0914997755786864
3.214684071E9	3.644324608275262
3.214970895E9	0.799259184526469
3.2152807965E9	1.033581600081622
3.2157122075E9	4.550280605007448
3.216124641E9	1.3217295202823662
3.2165191445E9	0.6217313415585541
3.2167284695E9	0.1813285457809695
3.216816394E9	0.36789231741320644
3.2169855065E9	0.1118466310237874
3.217221355E9	0.6103033214697741
3.2174198055E9	2.060733375860628
3.217547141E9	0.1264923755259574
3.2177472715E9	1.1438277973210662
3.218075865E9	2.616399833600761
3.2184014195E9	1.6370934844684377
3.21861934E9	1.458256047749103
3.218790037E9	0.27588666563715647
3.218927574E9	0.3007901529258665
3.219178228E9	0.744821531606395
3.219695868E9	4.141795890107702
3.2201537955E9	3.707569317451688
3.220316351E9	0.4879183623883861
3.2205178835E9	0.13956040530007793
3.2208124235E9	0.1425259941117281
3.2210694465E9	2.312035032313728
3.221262018E9	5.351589003564589
3.221402796E9	1.6851311132844107
3.221707994E9	2.157677137188826
3.2222369555E9	2.962432333428304
3.2228721145E9	4.691221193485166
3.2233024115E9	0.789887290754285
3.224185272E9	1.35899101330631
3.227369036E9	1.4360315358073705
3.2298928435E9	0.3129466367780469
3.2301042805E9	0.21534032280665996
3.2302653395E9	11.236179748062016
3.2304298405E9	0.22351447993068183
3.230578831E9	0.13710765926666119
3.2308109625E9	5.78997104469294
3.2311861265E9	0.15559638617301816
3.231488962E9	0.17666718776110873
3.231720614E9	2.6801729320331034
3.231991785E9	1.1229545067946851
3.2321666995E9	0.4873950565170489
3.232216515E9	0.21216979159406146
3.2323221585E9	9.754676551233878
3.2325224045E9	1.7081826756799245
3.232694619E9	1.7421793479418215
3.2328560365E9	2.3784884423878037
3.233001453E9	11.915811710677382
3.233110552E9	1.0364424686479514
3.233195703E9	0.46753800488692826
3.233719122E9	2.4295563564363665
3.2344825705E9	2.4643999127602867
3.234858778E9	0.19402300155646074
3.2350518705E9	0.14955265205253765
3.2352970795E9	0.13839231963499254
3.235487229E9	2.5764040254139036
3.23556284E9	5.228051725931148
3.2357844895E9	4.001538823766839
3.2360469455E9	0.15388412451084177
3.236148746E9	0.3693132139331547
3.2362408545E9	0.27150750863795864
3.2363769755E9	0.800380628441853
3.2365418755E9	2.246297014346646
3.2369905015E9	9.03690811830976
3.2374218665E9	0.8608889509773106
3.239490992E9	1.3024765451651639
3.241990473E9	0.8196490296936879
3.2436894095E9	0.4581409034719392
3.2449015995E9	3.9642639284261896
3.245894665E9	2.514506918372801
3.246991954E9	2.441915330344758
3.24716499E9	6.118904959991858
3.2472888625E9	0.16111295052502128
3.24751439E9	2.111510753088653
3.247732711E9	14.7194793275725
3.2479482185E9	7.114914655509389
3.248209812E9	0.19624131715911622
3.24843581E9	1.0803701590923496
3.248742054E9	1.1155657887954207
3.2489922825E9	0.3437090362093048
3.249241512E9	6.5197822338543965
3.2495832255E9	5.707450060783058
3.249768684E9	8.504667362913038
3.2498970865E9	0.4786001000451423
3.2500641525E9	0.4702360668836586
3.250233321E9	0.3646620789741333
3.2504641475E9	0.6069119180163668
3.2507314375E9	0.4897700968231712
3.250931609E9	0.6507580751483191
3.25110035E9	0.7771511304904123
3.251272805E9	0.4316040140840846
3.251406084E9	0.37569232310080625
3.251536554E9	0.38355628666314906
3.2517286605E9	0.7365116216531162
3.251890496E9	0.22373275784909452
3.252026404E9	0.5765109801883652
3.252184881E9	0.6030434275281246
3.252336209E9	0.4725512056827955
3.2524929725E9	1.2454937979841851
3.2526492185E9	1.3861604566151478
3.252814558E9	1.4839798797131887
3.252978446E9	1.3665562286393904
3.2531275405E9	1.2498794450338242
3.25325064E9	4.158892286983976
3.2533951605E9	0.22862811429544053
3.2535133475E9	0.0020880711184618566
3.2536423935E9	0.004048216210030421
3.2537978295E9	8.956767177459218
3.253870882E9	0.7327772216661106
3.253946123E9	0.26803566859666245
3.254096418E9	2.2088094615585736
3.254345392E9	1.006778150122984
3.2545957105E9	0.6307850236660059
3.254776607E9	0.1551563328680025
3.254944905E9	0.18337921242502392
3.2550827185E9	2.5169687208941323
3.2552740765E9	6.702650512794839
3.2555665205E9	0.9613718860976792
3.255809726E9	1.4298078568392698
3.256051128E9	1.5056375709876442
3.256279016E9	0.2438253783922304
3.256596293E9	0.9501285347043702
3.256894877E9	0.3135508295290057
3.2570348465E9	0.18383929993994583
3.257231861E9	0.30171588482215184
3.257389304E9	0.27679878157609794
3.257504313E9	0.6362527830107895
3.257685022E9	0.5953036301945294
3.257881507E9	0.7502408084404062
3.257999374E9	3.0699744017042625
3.2581168145E9	0.8222262472123799
3.2582318895E9	0.162502804996634
3.258321402E9	0.1346008331408454
3.2585547095E9	1.500744723895082
3.258863297E9	0.16279078190135055
3.2590463295E9	4.629140913335409
3.25912794E9	0.12958438545007847
3.259291952E9	1.1667458264477408
3.2594320355E9	0.6303920025188917
3.259672221E9	0.7958163630888666
3.2600461745E9	2.402513791031733
3.2603277075E9	3.9383167605748515
3.2605482325E9	4.878024665356174
3.260742234E9	4.174529540481401
3.260933481E9	0.4200061661598728
3.261038819E9	0.12859889077932696
3.261157713E9	6.1533519277415065
3.2614027625E9	3.302596381331326
3.2617565025E9	0.47316985108999005
3.261965113E9	0.05500068408811055
3.2620482395E9	0.8570691564324542
3.2621604085E9	4.209377007064869
3.262392697E9	0.4840261233569566
3.2627244025E9	0.1556307431460708
3.263054774E9	0.5062885388951238
3.264735664E9	1.491132832984573
3.2674858885E9	1.3751214901955835
3.2689381125E9	4.112158239091815
3.269171626E9	0.9661016949152542
3.269355991E9	4.475980469946525
3.2695604285E9	12.136902862778085
3.26965773E9	5.494646794249934
3.26993266E9	6.472849857552746
3.270438985E9	5.910684620345149
3.2709049115E9	1.2510548830171109
3.271341747E9	0.3783500215693373
3.271578546E9	0.4621390809272062
3.271593411E9	0.17378835675365645
3.2716165405E9	1.3991812378573412
3.2716650485E9	0.1626437118723604
3.2719007085E9	1.1930528268936913
3.2721096115E9	0.10832538492982695
3.2729032935E9	3.397395284246188
3.2739480185E9	1.876910930327964
3.2743123675E9	7.081567846593751
3.2744423285E9	1.118258731349504
3.274567552E9	2.439358092255716
3.275092502E9	2.0031872425336985
3.2756214355E9	2.9200954254702367
3.275894228E9	3.738989554211583
3.27618417E9	6.326897538052917
3.276393725E9	0.19044069157324311
3.2767256195E9	4.276133828084773
3.277112807E9	2.992992269388815
3.2774711835E9	2.558003807476921
3.278164618E9	2.4289158998080804
3.278892452E9	2.886384021766707
3.279410368E9	2.076780800035871
3.279738184E9	4.52852194283151
3.2799490295E9	2.3054893631144004
3.2803376225E9	1.1404315409896695
3.2808102315E9	1.2305461688917676
3.281147748E9	1.0285817075127255
3.2814049345E9	1.8704200439287033
3.2816159575E9	0.18287110546557991
3.282193494E9	0.8042236363514187
3.2832442865E9	0.7539466881031366
3.283878427E9	1.2008780979343106
3.284133872E9	1.4366266095839464
3.2845392805E9	11.346944516575782
3.2848106465E9	0.9845639534883721
3.2850194105E9	1.9843968595351944
3.285443183E9	0.21828012325130217
3.2858902635E9	0.781739826501359
3.2861802865E9	0.349256829583106
3.28630889E9	5.148907908891071
3.286466028E9	2.6261724156222424
3.2865893585E9	2.523644693306185
3.2868938375E9	0.4281563998679933
3.28734903E9	0.46071666515025667
3.2877605135E9	4.193109383100052
3.2880997695E9	3.6303257889963416
3.2883004E9	11.723232796257543
3.288620315E9	2.0747071850902996
3.2888990915E9	2.363716367073548
3.2891327555E9	2.7856798778895318
3.2894356555E9	1.5549668062819206
3.289618521E9	9.104680639390837
3.290032112E9	5.223647849220572
3.290495438E9	4.5261192017920955
3.290779908E9	0.7058802574719195
3.291357195E9	2.5596036679959626
3.291795873E9	14.654688479735507
3.292007229E9	4.479129663847736
3.292443998E9	3.4012730692742057
3.292899688E9	3.5172366624736147
3.293172412E9	3.8618496138671796
3.2933761555E9	5.421261250521547
3.2935874075E9	5.4145374308464715
3.293753565E9	0.7277332761992964
3.2939389925E9	4.073790932324045
3.294096681E9	6.329533353510217
3.2943081635E9	11.342605631692804
3.2945439495E9	4.297624403198421
3.294749721E9	1.802276006941273
3.295064449E9	3.148811883136415
3.2954106905E9	3.5439878605026847
3.2960894555E9	0.8744859313190527
3.296694698E9	4.838192581190994
3.2968400715E9	4.0902117973079966
3.297055838E9	6.614642367614443
3.2972554895E9	2.8169888097660225
3.297360178E9	4.925430577589335
3.297577521E9	0.413563897606071
3.2980344385E9	3.3030371976841004
3.298777168E9	0.0013699215587073762
