#Coverage	Number of genomic locations
0.0	2.361246959E9
1.0	3.99814644E8
2.0	2.64752294E8
3.0	7.8955015E7
4.0	4.6954517E7
5.0	2.016063E7
6.0	1.2272332E7
7.0	7265165.0
8.0	5146917.0
9.0	3866923.0
10.0	3141659.0
11.0	2671177.0
12.0	2356265.0
13.0	2105103.0
14.0	1927797.0
15.0	1773133.0
16.0	1654733.0
17.0	1553591.0
18.0	1462769.0
19.0	1381898.0
20.0	1316635.0
21.0	1255145.0
22.0	1204030.0
23.0	1154593.0
24.0	1111241.0
25.0	1070355.0
26.0	1031059.0
27.0	996592.0
28.0	965608.0
29.0	938114.0
30.0	910570.0
31.0	885516.0
32.0	866328.0
33.0	843921.0
34.0	824778.0
35.0	806875.0
36.0	788311.0
37.0	771317.0
38.0	757952.0
39.0	743134.0
40.0	729675.0
41.0	717505.0
42.0	705319.0
43.0	694749.0
44.0	682371.0
45.0	671592.0
46.0	662399.0
47.0	652107.0
48.0	643289.0
49.0	633529.0
50.0	625276.0
51.0	618106.0
52.0	611368.0
53.0	603122.0
54.0	595345.0
55.0	588758.0
56.0	580446.0
57.0	570822.0
58.0	566307.0
59.0	559109.0
60.0	551730.0
61.0	546100.0
62.0	540471.0
63.0	532183.0
64.0	527150.0
65.0	522022.0
66.0	514799.0
67.0	507102.0
68.0	500809.0
69.0	496325.0
70.0	490560.0
71.0	485433.0
72.0	481862.0
73.0	474757.0
74.0	470022.0
75.0	463184.0
76.0	456941.0
77.0	450789.0
78.0	447127.0
79.0	442951.0
80.0	437805.0
81.0	432449.0
82.0	429433.0
83.0	425368.0
84.0	420132.0
85.0	416097.0
86.0	409751.0
87.0	406883.0
88.0	400292.0
89.0	395955.0
90.0	391988.0
91.0	387294.0
92.0	383341.0
93.0	379001.0
94.0	377030.0
95.0	372460.0
96.0	369225.0
97.0	364675.0
98.0	361918.0
99.0	358110.0
100.0	352918.0
101.0	350363.0
102.0	347769.0
103.0	343129.0
104.0	340726.0
105.0	338407.0
106.0	335067.0
107.0	331301.0
108.0	327410.0
109.0	324549.0
110.0	320843.0
111.0	317085.0
112.0	314778.0
113.0	311401.0
114.0	308673.0
115.0	305594.0
116.0	302676.0
117.0	299152.0
118.0	296099.0
119.0	293743.0
120.0	290556.0
121.0	287182.0
122.0	284118.0
123.0	281507.0
124.0	279276.0
125.0	276094.0
126.0	273346.0
127.0	270862.0
128.0	268121.0
129.0	264483.0
130.0	261814.0
131.0	259152.0
132.0	255824.0
133.0	254165.0
134.0	251302.0
135.0	249083.0
136.0	245495.0
137.0	242920.0
138.0	240288.0
139.0	238943.0
140.0	235552.0
141.0	233837.0
142.0	230662.0
143.0	229253.0
144.0	227033.0
145.0	223426.0
146.0	221182.0
147.0	219126.0
148.0	217104.0
149.0	214750.0
150.0	211691.0
151.0	209443.0
152.0	207282.0
153.0	205143.0
154.0	201970.0
155.0	199833.0
156.0	197117.0
157.0	195069.0
158.0	192137.0
159.0	190581.0
160.0	187984.0
161.0	185845.0
162.0	183679.0
163.0	181656.0
164.0	179654.0
165.0	178119.0
166.0	175993.0
167.0	174301.0
168.0	172765.0
169.0	169540.0
170.0	167116.0
171.0	165874.0
172.0	163580.0
173.0	161570.0
174.0	161138.0
175.0	157996.0
176.0	156639.0
177.0	154121.0
178.0	152326.0
179.0	150789.0
180.0	149105.0
181.0	147036.0
182.0	145498.0
183.0	142568.0
184.0	141158.0
185.0	139565.0
186.0	137669.0
187.0	135819.0
188.0	133381.0
189.0	131062.0
190.0	130408.0
191.0	128383.0
192.0	127610.0
193.0	125358.0
194.0	124102.0
195.0	121750.0
196.0	120570.0
197.0	118776.0
198.0	116588.0
199.0	114851.0
200.0	113263.0
201.0	112245.0
202.0	110157.0
203.0	109058.0
204.0	107672.0
205.0	105733.0
206.0	104320.0
207.0	102432.0
208.0	101003.0
209.0	100011.0
210.0	98294.0
211.0	97451.0
212.0	95683.0
213.0	93628.0
214.0	92463.0
215.0	91198.0
216.0	89367.0
217.0	88589.0
218.0	87342.0
219.0	86400.0
220.0	84297.0
221.0	83318.0
222.0	82013.0
223.0	80915.0
224.0	79433.0
225.0	78457.0
226.0	77406.0
227.0	76219.0
228.0	74758.0
229.0	73632.0
230.0	73413.0
231.0	71878.0
232.0	70733.0
233.0	69626.0
234.0	68206.0
235.0	67518.0
236.0	66238.0
237.0	65306.0
238.0	64295.0
239.0	63178.0
240.0	62350.0
241.0	61255.0
242.0	59862.0
243.0	59345.0
244.0	58149.0
245.0	56887.0
246.0	55841.0
247.0	54730.0
248.0	54383.0
249.0	53516.0
250.0	52603.0
251.0	51833.0
252.0	51392.0
253.0	50540.0
254.0	49824.0
255.0	48705.0
256.0	48227.0
257.0	47090.0
258.0	46265.0
259.0	45690.0
260.0	44387.0
261.0	43884.0
262.0	42943.0
263.0	41893.0
264.0	41219.0
265.0	40706.0
266.0	39986.0
267.0	38881.0
268.0	38015.0
269.0	37689.0
270.0	37250.0
271.0	36427.0
272.0	36176.0
273.0	35554.0
274.0	34666.0
275.0	34174.0
276.0	33718.0
277.0	33026.0
278.0	32155.0
279.0	31744.0
280.0	30995.0
281.0	30755.0
282.0	30275.0
283.0	29750.0
284.0	29151.0
285.0	29012.0
286.0	28325.0
287.0	27443.0
288.0	27525.0
289.0	26236.0
290.0	25909.0
291.0	25344.0
292.0	24959.0
293.0	24400.0
294.0	23999.0
295.0	23578.0
296.0	22956.0
297.0	22479.0
298.0	22385.0
299.0	21895.0
300.0	21155.0
301.0	20895.0
302.0	20636.0
303.0	20119.0
304.0	19800.0
305.0	19333.0
306.0	18952.0
307.0	18469.0
308.0	18224.0
309.0	18017.0
310.0	17725.0
311.0	17042.0
312.0	17113.0
313.0	16673.0
314.0	16508.0
315.0	16093.0
316.0	15803.0
317.0	15568.0
318.0	15329.0
319.0	14857.0
320.0	14509.0
321.0	14389.0
322.0	14286.0
323.0	13916.0
324.0	13898.0
325.0	13460.0
326.0	13203.0
327.0	12694.0
328.0	12459.0
329.0	12148.0
330.0	12002.0
331.0	11675.0
332.0	11670.0
333.0	11221.0
334.0	11032.0
335.0	11079.0
336.0	10762.0
337.0	10635.0
338.0	10326.0
339.0	10308.0
340.0	9795.0
341.0	9672.0
342.0	9675.0
343.0	9260.0
344.0	9007.0
345.0	8863.0
346.0	8843.0
347.0	8491.0
348.0	8380.0
349.0	8062.0
350.0	7958.0
351.0	7818.0
352.0	7691.0
353.0	7753.0
354.0	7485.0
355.0	7231.0
356.0	7099.0
357.0	7086.0
358.0	7000.0
359.0	6809.0
360.0	6558.0
361.0	6534.0
362.0	6456.0
363.0	6331.0
364.0	6207.0
365.0	5834.0
366.0	5769.0
367.0	5872.0
368.0	5696.0
369.0	5447.0
370.0	5363.0
371.0	5309.0
372.0	5298.0
373.0	5041.0
374.0	5182.0
375.0	4936.0
376.0	4871.0
377.0	4722.0
378.0	4696.0
379.0	4688.0
380.0	4514.0
381.0	4471.0
382.0	4357.0
383.0	4328.0
384.0	4270.0
385.0	4184.0
386.0	4164.0
387.0	3900.0
388.0	3811.0
389.0	3945.0
390.0	3695.0
391.0	3673.0
392.0	3593.0
393.0	3547.0
394.0	3446.0
395.0	3449.0
396.0	3317.0
397.0	3215.0
398.0	3214.0
399.0	3203.0
400.0	3117.0
401.0	3065.0
402.0	3031.0
403.0	2917.0
404.0	2897.0
405.0	2849.0
406.0	2772.0
407.0	2729.0
408.0	2596.0
409.0	2453.0
410.0	2614.0
411.0	2599.0
412.0	2482.0
413.0	2461.0
414.0	2358.0
415.0	2300.0
416.0	2214.0
417.0	2227.0
418.0	2179.0
419.0	2082.0
420.0	2028.0
421.0	2042.0
422.0	1947.0
423.0	1957.0
424.0	1802.0
425.0	1879.0
426.0	1786.0
427.0	1789.0
428.0	1669.0
429.0	1719.0
430.0	1684.0
431.0	1764.0
432.0	1638.0
433.0	1653.0
434.0	1686.0
435.0	1648.0
436.0	1590.0
437.0	1542.0
438.0	1566.0
439.0	1521.0
440.0	1448.0
441.0	1416.0
442.0	1417.0
443.0	1405.0
444.0	1426.0
445.0	1420.0
446.0	1314.0
447.0	1264.0
448.0	1328.0
449.0	1279.0
450.0	1260.0
451.0	1188.0
452.0	1156.0
453.0	1216.0
454.0	1127.0
455.0	1094.0
456.0	1072.0
457.0	1129.0
458.0	1025.0
459.0	1038.0
460.0	1031.0
461.0	1043.0
462.0	1021.0
463.0	985.0
464.0	943.0
465.0	937.0
466.0	939.0
467.0	951.0
468.0	917.0
469.0	949.0
470.0	891.0
471.0	867.0
472.0	860.0
473.0	862.0
474.0	879.0
475.0	844.0
476.0	817.0
477.0	795.0
478.0	797.0
479.0	822.0
480.0	816.0
481.0	792.0
482.0	770.0
483.0	785.0
484.0	728.0
485.0	749.0
486.0	765.0
487.0	762.0
488.0	709.0
489.0	744.0
490.0	705.0
491.0	661.0
492.0	728.0
493.0	624.0
494.0	632.0
495.0	623.0
496.0	611.0
497.0	622.0
498.0	587.0
499.0	576.0
500.0	599.0
501.0	618.0
502.0	610.0
503.0	583.0
504.0	513.0
505.0	559.0
506.0	558.0
507.0	553.0
508.0	496.0
509.0	527.0
510.0	527.0
511.0	507.0
512.0	465.0
513.0	434.0
514.0	490.0
515.0	472.0
516.0	437.0
517.0	459.0
518.0	437.0
519.0	439.0
520.0	426.0
521.0	406.0
522.0	427.0
523.0	387.0
524.0	381.0
525.0	401.0
526.0	367.0
527.0	360.0
528.0	352.0
529.0	359.0
530.0	375.0
531.0	373.0
532.0	360.0
533.0	342.0
534.0	344.0
535.0	362.0
536.0	337.0
537.0	307.0
538.0	307.0
539.0	288.0
540.0	319.0
541.0	294.0
542.0	299.0
543.0	295.0
544.0	291.0
545.0	301.0
546.0	277.0
547.0	268.0
548.0	300.0
549.0	250.0
550.0	263.0
551.0	271.0
552.0	292.0
553.0	270.0
554.0	271.0
555.0	241.0
556.0	282.0
557.0	268.0
558.0	269.0
559.0	254.0
560.0	240.0
561.0	253.0
562.0	225.0
563.0	235.0
564.0	242.0
565.0	242.0
566.0	212.0
567.0	253.0
568.0	215.0
569.0	226.0
570.0	197.0
571.0	242.0
572.0	217.0
573.0	197.0
574.0	222.0
575.0	213.0
576.0	214.0
577.0	233.0
578.0	191.0
579.0	214.0
580.0	204.0
581.0	211.0
582.0	197.0
583.0	197.0
584.0	197.0
585.0	172.0
586.0	191.0
587.0	172.0
588.0	205.0
589.0	199.0
590.0	189.0
591.0	190.0
592.0	194.0
593.0	182.0
594.0	215.0
595.0	166.0
596.0	179.0
597.0	168.0
598.0	178.0
599.0	173.0
600.0	152.0
601.0	163.0
602.0	169.0
603.0	159.0
604.0	176.0
605.0	180.0
606.0	163.0
607.0	156.0
608.0	167.0
609.0	179.0
610.0	177.0
611.0	171.0
612.0	187.0
613.0	153.0
614.0	144.0
615.0	132.0
616.0	172.0
617.0	162.0
618.0	163.0
619.0	122.0
620.0	148.0
621.0	150.0
622.0	153.0
623.0	150.0
624.0	146.0
625.0	137.0
626.0	158.0
627.0	122.0
628.0	158.0
629.0	144.0
630.0	119.0
631.0	140.0
632.0	119.0
633.0	94.0
634.0	115.0
635.0	143.0
636.0	137.0
637.0	121.0
638.0	120.0
639.0	101.0
640.0	122.0
641.0	107.0
642.0	121.0
643.0	110.0
644.0	118.0
645.0	117.0
646.0	97.0
647.0	105.0
648.0	127.0
649.0	108.0
650.0	130.0
651.0	119.0
652.0	133.0
653.0	105.0
654.0	91.0
655.0	110.0
656.0	124.0
657.0	93.0
658.0	99.0
659.0	94.0
660.0	106.0
661.0	109.0
662.0	84.0
663.0	118.0
664.0	110.0
665.0	97.0
666.0	96.0
667.0	84.0
668.0	101.0
669.0	104.0
670.0	108.0
671.0	82.0
672.0	92.0
673.0	93.0
674.0	104.0
675.0	105.0
676.0	79.0
677.0	105.0
678.0	89.0
679.0	94.0
680.0	68.0
681.0	93.0
682.0	85.0
683.0	83.0
684.0	71.0
685.0	89.0
686.0	62.0
687.0	87.0
688.0	70.0
689.0	74.0
690.0	96.0
691.0	71.0
692.0	82.0
693.0	90.0
694.0	83.0
695.0	78.0
696.0	78.0
697.0	82.0
698.0	88.0
699.0	82.0
700.0	53.0
701.0	60.0
702.0	52.0
703.0	76.0
704.0	51.0
705.0	52.0
706.0	66.0
707.0	55.0
708.0	56.0
709.0	67.0
710.0	54.0
711.0	65.0
712.0	55.0
713.0	59.0
714.0	84.0
715.0	74.0
716.0	64.0
717.0	60.0
718.0	74.0
719.0	68.0
720.0	71.0
721.0	68.0
722.0	69.0
723.0	64.0
724.0	69.0
725.0	52.0
726.0	57.0
727.0	66.0
728.0	58.0
729.0	66.0
730.0	60.0
731.0	45.0
732.0	46.0
733.0	60.0
734.0	46.0
735.0	52.0
736.0	44.0
737.0	39.0
738.0	49.0
739.0	27.0
740.0	40.0
741.0	47.0
742.0	34.0
743.0	65.0
744.0	48.0
745.0	49.0
746.0	42.0
747.0	51.0
748.0	38.0
749.0	45.0
750.0	43.0
751.0	51.0
752.0	41.0
753.0	40.0
754.0	34.0
755.0	38.0
756.0	40.0
757.0	42.0
758.0	36.0
759.0	46.0
760.0	39.0
761.0	32.0
762.0	46.0
763.0	37.0
764.0	37.0
765.0	30.0
766.0	26.0
767.0	28.0
768.0	44.0
769.0	40.0
770.0	30.0
771.0	32.0
772.0	35.0
773.0	40.0
774.0	31.0
775.0	41.0
776.0	40.0
777.0	43.0
778.0	39.0
779.0	25.0
780.0	38.0
781.0	40.0
782.0	31.0
783.0	38.0
784.0	38.0
785.0	39.0
786.0	31.0
787.0	31.0
788.0	24.0
789.0	36.0
790.0	31.0
791.0	35.0
792.0	30.0
793.0	48.0
794.0	40.0
795.0	44.0
796.0	31.0
797.0	40.0
798.0	34.0
799.0	33.0
800.0	27.0
801.0	36.0
802.0	36.0
803.0	32.0
804.0	31.0
805.0	37.0
806.0	29.0
807.0	35.0
808.0	25.0
809.0	38.0
810.0	32.0
811.0	35.0
812.0	38.0
813.0	28.0
814.0	27.0
815.0	39.0
816.0	26.0
817.0	27.0
818.0	30.0
819.0	29.0
820.0	30.0
821.0	21.0
822.0	31.0
823.0	24.0
824.0	21.0
825.0	34.0
826.0	32.0
827.0	27.0
828.0	22.0
829.0	30.0
830.0	30.0
831.0	29.0
832.0	18.0
833.0	36.0
834.0	31.0
835.0	32.0
836.0	18.0
837.0	25.0
838.0	28.0
839.0	27.0
840.0	28.0
841.0	24.0
842.0	23.0
843.0	25.0
844.0	18.0
845.0	29.0
846.0	24.0
847.0	16.0
848.0	28.0
849.0	17.0
850.0	11.0
851.0	17.0
852.0	16.0
853.0	15.0
854.0	16.0
855.0	14.0
856.0	25.0
857.0	17.0
858.0	22.0
859.0	15.0
860.0	13.0
861.0	16.0
862.0	21.0
863.0	18.0
864.0	17.0
865.0	16.0
866.0	9.0
867.0	16.0
868.0	19.0
869.0	14.0
870.0	9.0
871.0	20.0
872.0	16.0
873.0	17.0
874.0	27.0
875.0	16.0
876.0	14.0
877.0	15.0
878.0	12.0
879.0	11.0
880.0	13.0
881.0	15.0
882.0	19.0
883.0	22.0
884.0	18.0
885.0	12.0
886.0	12.0
887.0	14.0
888.0	17.0
889.0	8.0
890.0	20.0
891.0	18.0
892.0	18.0
893.0	20.0
894.0	21.0
895.0	13.0
896.0	13.0
897.0	21.0
898.0	16.0
899.0	14.0
900.0	20.0
901.0	18.0
902.0	29.0
903.0	22.0
904.0	21.0
905.0	21.0
906.0	16.0
907.0	20.0
908.0	20.0
909.0	17.0
910.0	19.0
911.0	14.0
912.0	14.0
913.0	23.0
914.0	25.0
915.0	27.0
916.0	11.0
917.0	19.0
918.0	18.0
919.0	24.0
920.0	15.0
921.0	16.0
922.0	17.0
923.0	14.0
924.0	11.0
925.0	11.0
926.0	22.0
927.0	13.0
928.0	27.0
929.0	14.0
930.0	19.0
931.0	12.0
932.0	15.0
933.0	14.0
934.0	8.0
935.0	18.0
936.0	12.0
937.0	15.0
938.0	10.0
939.0	17.0
940.0	11.0
941.0	7.0
942.0	12.0
943.0	15.0
944.0	13.0
945.0	13.0
946.0	9.0
947.0	12.0
948.0	9.0
949.0	9.0
950.0	23.0
951.0	11.0
952.0	9.0
953.0	8.0
954.0	17.0
955.0	10.0
956.0	14.0
957.0	17.0
958.0	9.0
959.0	12.0
960.0	12.0
961.0	14.0
962.0	7.0
963.0	12.0
964.0	10.0
965.0	19.0
966.0	6.0
967.0	5.0
968.0	11.0
969.0	17.0
970.0	10.0
971.0	10.0
972.0	11.0
973.0	8.0
974.0	8.0
975.0	11.0
976.0	12.0
977.0	7.0
978.0	3.0
979.0	9.0
980.0	7.0
981.0	7.0
982.0	12.0
983.0	7.0
984.0	8.0
985.0	7.0
986.0	5.0
987.0	5.0
988.0	7.0
989.0	4.0
990.0	7.0
991.0	11.0
992.0	7.0
993.0	9.0
994.0	5.0
995.0	10.0
996.0	3.0
997.0	7.0
998.0	5.0
999.0	12.0
1000.0	5.0
1001.0	6.0
1002.0	8.0
1003.0	7.0
1004.0	10.0
1005.0	6.0
1006.0	7.0
1007.0	10.0
1008.0	8.0
1009.0	9.0
1010.0	5.0
1011.0	5.0
1012.0	13.0
1013.0	7.0
1014.0	10.0
1015.0	6.0
1016.0	6.0
1017.0	4.0
1018.0	8.0
1019.0	5.0
1020.0	15.0
1021.0	5.0
1022.0	5.0
1023.0	9.0
1024.0	3.0
1025.0	8.0
1026.0	9.0
1027.0	11.0
1028.0	6.0
1029.0	12.0
1030.0	3.0
1031.0	6.0
1032.0	4.0
1033.0	3.0
1034.0	8.0
1035.0	4.0
1036.0	8.0
1037.0	8.0
1038.0	8.0
1039.0	4.0
1040.0	12.0
1041.0	9.0
1042.0	9.0
1043.0	10.0
1044.0	6.0
1045.0	8.0
1046.0	3.0
1047.0	5.0
1048.0	5.0
1049.0	6.0
1050.0	7.0
1051.0	4.0
1052.0	8.0
1053.0	2.0
1054.0	7.0
1055.0	8.0
1056.0	3.0
1057.0	5.0
1058.0	6.0
1059.0	10.0
1060.0	6.0
1061.0	5.0
1062.0	7.0
1063.0	4.0
1064.0	6.0
1065.0	5.0
1066.0	10.0
1067.0	3.0
1068.0	2.0
1069.0	9.0
1070.0	9.0
1071.0	6.0
1072.0	7.0
1074.0	6.0
1075.0	8.0
1076.0	3.0
1077.0	7.0
1078.0	6.0
1079.0	6.0
1080.0	6.0
1081.0	5.0
1082.0	8.0
1083.0	6.0
1084.0	6.0
1085.0	10.0
1086.0	5.0
1087.0	5.0
1088.0	13.0
1089.0	9.0
1090.0	9.0
1091.0	5.0
1092.0	9.0
1093.0	4.0
1094.0	8.0
1095.0	8.0
1096.0	8.0
1097.0	9.0
1098.0	6.0
1099.0	9.0
1100.0	2.0
1101.0	5.0
1102.0	1.0
1103.0	9.0
1104.0	4.0
1105.0	4.0
1106.0	7.0
1107.0	6.0
1108.0	5.0
1109.0	7.0
1110.0	4.0
1111.0	6.0
1112.0	4.0
1113.0	9.0
1114.0	10.0
1115.0	5.0
1116.0	10.0
1117.0	9.0
1118.0	5.0
1119.0	3.0
1120.0	8.0
1121.0	6.0
1122.0	10.0
1123.0	9.0
1124.0	3.0
1125.0	9.0
1126.0	4.0
1127.0	2.0
1128.0	6.0
1129.0	3.0
1130.0	3.0
1131.0	6.0
1132.0	5.0
1133.0	5.0
1134.0	6.0
1135.0	2.0
1136.0	3.0
1137.0	8.0
1138.0	5.0
1139.0	3.0
1140.0	4.0
1141.0	3.0
1142.0	5.0
1143.0	3.0
1144.0	4.0
1145.0	7.0
1146.0	2.0
1147.0	8.0
1148.0	3.0
1149.0	4.0
1150.0	5.0
1151.0	5.0
1152.0	7.0
1153.0	5.0
1154.0	4.0
1155.0	5.0
1156.0	5.0
1157.0	4.0
1158.0	8.0
1159.0	6.0
1160.0	5.0
1161.0	2.0
1162.0	1.0
1163.0	6.0
1164.0	3.0
1165.0	9.0
1166.0	6.0
1167.0	5.0
1168.0	4.0
1169.0	3.0
1170.0	5.0
1171.0	8.0
1172.0	6.0
1173.0	6.0
1174.0	1.0
1175.0	4.0
1176.0	6.0
1177.0	7.0
1178.0	8.0
1179.0	6.0
1180.0	6.0
1181.0	8.0
1182.0	7.0
1183.0	3.0
1184.0	11.0
1185.0	5.0
1186.0	8.0
1187.0	6.0
1188.0	3.0
1189.0	6.0
1190.0	9.0
1191.0	1.0
1192.0	12.0
1193.0	11.0
1194.0	10.0
1195.0	11.0
1196.0	7.0
1197.0	6.0
1198.0	6.0
1199.0	10.0
1200.0	3.0
1201.0	7.0
1202.0	9.0
1203.0	5.0
1204.0	3.0
1205.0	5.0
1206.0	9.0
1207.0	5.0
1208.0	9.0
1209.0	4.0
1210.0	7.0
1211.0	5.0
1212.0	7.0
1213.0	5.0
1214.0	12.0
1215.0	6.0
1216.0	12.0
1217.0	13.0
1218.0	10.0
1219.0	3.0
1220.0	2.0
1221.0	10.0
1222.0	10.0
1223.0	12.0
1224.0	8.0
1225.0	12.0
1226.0	13.0
1227.0	4.0
1228.0	2.0
1229.0	6.0
1230.0	7.0
1231.0	10.0
1232.0	9.0
1233.0	6.0
1234.0	6.0
1235.0	8.0
1236.0	8.0
1237.0	11.0
1238.0	7.0
1239.0	4.0
1240.0	7.0
1241.0	4.0
1242.0	4.0
1243.0	4.0
1244.0	12.0
1245.0	6.0
1246.0	7.0
1247.0	6.0
1248.0	8.0
1249.0	11.0
1250.0	10.0
1251.0	9.0
1252.0	13.0
1253.0	9.0
1254.0	9.0
1255.0	7.0
1256.0	12.0
1257.0	5.0
1258.0	6.0
1259.0	6.0
1260.0	5.0
1261.0	7.0
1262.0	7.0
1263.0	8.0
1264.0	5.0
1265.0	5.0
1266.0	10.0
1267.0	3.0
1268.0	12.0
1269.0	6.0
1270.0	13.0
1271.0	4.0
1272.0	13.0
1273.0	11.0
1274.0	10.0
1275.0	3.0
1276.0	6.0
1277.0	8.0
1278.0	3.0
1279.0	7.0
1280.0	5.0
1281.0	4.0
1282.0	6.0
1283.0	5.0
1284.0	10.0
1285.0	6.0
1286.0	7.0
1287.0	6.0
1288.0	4.0
1289.0	2.0
1290.0	3.0
1291.0	4.0
1292.0	6.0
1293.0	5.0
1294.0	5.0
1295.0	2.0
1296.0	8.0
1297.0	5.0
1298.0	1.0
1299.0	5.0
1300.0	3.0
1301.0	4.0
1302.0	4.0
1303.0	5.0
1304.0	4.0
1305.0	6.0
1306.0	5.0
1307.0	3.0
1308.0	4.0
1309.0	5.0
1310.0	3.0
1311.0	3.0
1312.0	3.0
1313.0	5.0
1314.0	3.0
1315.0	3.0
1316.0	5.0
1317.0	1.0
1318.0	2.0
1319.0	4.0
1320.0	2.0
1321.0	2.0
1322.0	3.0
1323.0	4.0
1324.0	3.0
1325.0	7.0
1326.0	1.0
1327.0	5.0
1328.0	6.0
1329.0	8.0
1330.0	6.0
1331.0	5.0
1332.0	2.0
1333.0	7.0
1334.0	9.0
1335.0	5.0
1336.0	5.0
1337.0	1.0
1338.0	3.0
1339.0	1.0
1340.0	2.0
1341.0	7.0
1342.0	4.0
1343.0	4.0
1344.0	5.0
1345.0	3.0
1346.0	4.0
1347.0	4.0
1348.0	4.0
1349.0	1.0
1350.0	3.0
1351.0	1.0
1352.0	10.0
1353.0	1.0
1354.0	7.0
1355.0	8.0
1356.0	7.0
1357.0	8.0
1358.0	3.0
1359.0	4.0
1360.0	3.0
1361.0	3.0
1362.0	4.0
1363.0	2.0
1364.0	2.0
1365.0	4.0
1366.0	3.0
1367.0	6.0
1368.0	2.0
1369.0	2.0
1370.0	5.0
1371.0	2.0
1372.0	4.0
1373.0	3.0
1374.0	4.0
1375.0	3.0
1376.0	2.0
1377.0	2.0
1378.0	6.0
1379.0	5.0
1380.0	6.0
1381.0	6.0
1382.0	5.0
1383.0	1.0
1384.0	4.0
1385.0	5.0
1386.0	4.0
1387.0	2.0
1388.0	10.0
1389.0	3.0
1390.0	3.0
1391.0	4.0
1392.0	3.0
1393.0	5.0
1394.0	4.0
1395.0	1.0
1396.0	4.0
1397.0	2.0
1398.0	3.0
1399.0	3.0
1400.0	4.0
1401.0	4.0
1402.0	5.0
1403.0	3.0
1404.0	1.0
1405.0	6.0
1406.0	6.0
1407.0	6.0
1408.0	1.0
1409.0	1.0
1410.0	5.0
1411.0	2.0
1412.0	3.0
1413.0	3.0
1414.0	3.0
1415.0	3.0
1416.0	4.0
1417.0	3.0
1418.0	2.0
1420.0	3.0
1421.0	3.0
1422.0	2.0
1423.0	2.0
1424.0	2.0
1425.0	5.0
1426.0	4.0
1427.0	2.0
1428.0	2.0
1429.0	2.0
1430.0	3.0
1431.0	2.0
1432.0	1.0
1433.0	3.0
1434.0	1.0
1435.0	1.0
1436.0	1.0
1437.0	1.0
1438.0	3.0
1439.0	5.0
1440.0	3.0
1441.0	5.0
1442.0	1.0
1443.0	1.0
1444.0	1.0
1445.0	4.0
1446.0	2.0
1448.0	2.0
1449.0	1.0
1451.0	1.0
1453.0	4.0
1454.0	1.0
1455.0	2.0
1456.0	1.0
1457.0	5.0
1458.0	1.0
1459.0	1.0
1460.0	1.0
1463.0	2.0
1464.0	4.0
1465.0	1.0
1466.0	1.0
1467.0	2.0
1468.0	1.0
1469.0	4.0
1470.0	2.0
1471.0	1.0
1472.0	1.0
1473.0	3.0
1475.0	2.0
1476.0	1.0
1477.0	1.0
1479.0	3.0
1480.0	1.0
1481.0	1.0
1482.0	2.0
1483.0	1.0
1484.0	2.0
1486.0	1.0
1487.0	3.0
1488.0	1.0
1489.0	5.0
1493.0	1.0
1494.0	1.0
1497.0	1.0
1498.0	1.0
1499.0	5.0
1500.0	1.0
1502.0	2.0
1505.0	2.0
1508.0	2.0
1510.0	2.0
1511.0	1.0
1514.0	1.0
1515.0	1.0
1516.0	2.0
1517.0	2.0
1518.0	2.0
1519.0	1.0
1520.0	2.0
1521.0	2.0
1522.0	2.0
1523.0	2.0
1524.0	1.0
1525.0	2.0
1526.0	3.0
1528.0	1.0
1530.0	1.0
1531.0	1.0
1532.0	1.0
1533.0	1.0
1535.0	1.0
1536.0	1.0
1537.0	1.0
1538.0	1.0
1539.0	4.0
1540.0	2.0
1542.0	2.0
1543.0	1.0
1544.0	2.0
1545.0	1.0
1546.0	2.0
1547.0	6.0
1548.0	6.0
1549.0	3.0
1550.0	1.0
1551.0	1.0
1552.0	5.0
1553.0	4.0
1554.0	3.0
1555.0	3.0
1556.0	1.0
1557.0	2.0
1558.0	2.0
1559.0	6.0
1560.0	3.0
1561.0	2.0
1562.0	3.0
1563.0	3.0
1564.0	3.0
1565.0	3.0
1566.0	4.0
1567.0	2.0
1568.0	4.0
1569.0	2.0
1570.0	4.0
1571.0	1.0
1572.0	2.0
1573.0	3.0
1574.0	1.0
1575.0	4.0
1576.0	2.0
1577.0	2.0
1578.0	2.0
1579.0	1.0
1580.0	5.0
1581.0	1.0
1582.0	2.0
1583.0	2.0
1584.0	2.0
1585.0	1.0
1587.0	1.0
1588.0	2.0
1589.0	3.0
1590.0	1.0
1591.0	3.0
1595.0	1.0
1596.0	1.0
1597.0	3.0
1598.0	1.0
1600.0	1.0
1601.0	1.0
1603.0	2.0
1604.0	4.0
1605.0	2.0
1606.0	1.0
1608.0	1.0
1609.0	2.0
1610.0	4.0
1611.0	1.0
1612.0	1.0
1614.0	1.0
1616.0	2.0
1617.0	2.0
1618.0	3.0
1619.0	2.0
1621.0	2.0
1622.0	1.0
1623.0	3.0
1625.0	1.0
1626.0	2.0
1627.0	5.0
1628.0	2.0
1629.0	1.0
1630.0	1.0
1631.0	2.0
1632.0	1.0
1633.0	1.0
1634.0	1.0
1635.0	2.0
1636.0	3.0
1637.0	2.0
1638.0	2.0
1639.0	1.0
1640.0	4.0
1641.0	5.0
1643.0	3.0
1644.0	1.0
1645.0	1.0
1646.0	1.0
1647.0	1.0
1648.0	1.0
1649.0	1.0
1650.0	1.0
1651.0	2.0
1653.0	5.0
1654.0	1.0
1655.0	2.0
1657.0	1.0
1658.0	2.0
1659.0	5.0
1660.0	1.0
1661.0	1.0
1663.0	1.0
1664.0	1.0
1667.0	2.0
1669.0	1.0
1670.0	2.0
1671.0	2.0
1672.0	1.0
1673.0	2.0
1674.0	2.0
1675.0	7.0
1677.0	3.0
1678.0	1.0
1679.0	1.0
1680.0	1.0
1681.0	3.0
1682.0	1.0
1683.0	1.0
1684.0	1.0
1686.0	1.0
1687.0	3.0
1689.0	3.0
1690.0	1.0
1691.0	1.0
1692.0	2.0
1693.0	1.0
1694.0	1.0
1695.0	1.0
1697.0	2.0
1698.0	2.0
1699.0	3.0
1702.0	2.0
1703.0	2.0
1704.0	1.0
1705.0	2.0
1706.0	3.0
1707.0	2.0
1708.0	2.0
1709.0	1.0
1710.0	2.0
1711.0	3.0
1712.0	3.0
1713.0	2.0
1714.0	2.0
1716.0	4.0
1717.0	1.0
1718.0	1.0
1720.0	1.0
1721.0	2.0
1722.0	1.0
1724.0	1.0
1727.0	1.0
1728.0	2.0
1729.0	2.0
1731.0	3.0
1732.0	1.0
1733.0	1.0
1735.0	2.0
1736.0	2.0
1737.0	2.0
1738.0	2.0
1739.0	2.0
1740.0	2.0
1743.0	2.0
1744.0	4.0
1745.0	1.0
1746.0	2.0
1748.0	1.0
1751.0	1.0
1752.0	1.0
1753.0	2.0
1754.0	1.0
1755.0	1.0
1756.0	2.0
1757.0	1.0
1758.0	4.0
1759.0	1.0
1760.0	2.0
1761.0	1.0
1762.0	1.0
1763.0	1.0
1765.0	2.0
1766.0	1.0
1768.0	1.0
1770.0	2.0
1771.0	2.0
1772.0	1.0
1773.0	2.0
1775.0	3.0
1776.0	2.0
1778.0	2.0
1779.0	1.0
1780.0	3.0
1783.0	2.0
1785.0	2.0
1787.0	2.0
1788.0	1.0
1789.0	1.0
1790.0	5.0
1791.0	3.0
1793.0	4.0
1794.0	1.0
1797.0	2.0
1798.0	1.0
1800.0	1.0
1802.0	3.0
1804.0	1.0
1806.0	1.0
1807.0	1.0
1810.0	2.0
1813.0	2.0
1815.0	1.0
1816.0	1.0
1817.0	1.0
1823.0	3.0
1824.0	3.0
1826.0	1.0
1827.0	2.0
1830.0	1.0
1831.0	1.0
1832.0	1.0
1833.0	1.0
1834.0	1.0
1835.0	1.0
1839.0	2.0
1840.0	4.0
1841.0	1.0
1842.0	2.0
1843.0	2.0
1845.0	1.0
1846.0	2.0
1847.0	1.0
1848.0	3.0
1850.0	1.0
1851.0	1.0
1853.0	1.0
1854.0	1.0
1855.0	3.0
1856.0	1.0
1857.0	1.0
1858.0	2.0
1860.0	2.0
1861.0	2.0
1862.0	1.0
1863.0	1.0
1865.0	1.0
1866.0	2.0
1868.0	1.0
1869.0	2.0
1871.0	1.0
1873.0	1.0
1874.0	1.0
1876.0	1.0
1877.0	1.0
1878.0	1.0
1879.0	2.0
1880.0	1.0
1882.0	1.0
1884.0	1.0
1885.0	4.0
1886.0	2.0
1887.0	3.0
1889.0	2.0
1890.0	2.0
1891.0	1.0
1892.0	3.0
1893.0	1.0
1894.0	1.0
1896.0	1.0
1897.0	3.0
1901.0	1.0
1902.0	5.0
1904.0	1.0
1905.0	1.0
1906.0	3.0
1908.0	1.0
1909.0	1.0
1910.0	1.0
1911.0	1.0
1912.0	3.0
1913.0	1.0
1914.0	3.0
1915.0	1.0
1917.0	2.0
1918.0	2.0
1919.0	3.0
1921.0	2.0
1922.0	4.0
1924.0	1.0
1925.0	2.0
1926.0	3.0
1927.0	1.0
1928.0	1.0
1929.0	2.0
1930.0	1.0
1932.0	1.0
1933.0	4.0
1935.0	2.0
1937.0	2.0
1938.0	3.0
1939.0	1.0
1941.0	2.0
1943.0	2.0
1944.0	2.0
1945.0	3.0
1947.0	1.0
1948.0	1.0
1952.0	1.0
1953.0	2.0
1954.0	2.0
1955.0	4.0
1956.0	1.0
1957.0	1.0
1958.0	1.0
1959.0	1.0
1962.0	2.0
1963.0	2.0
1964.0	1.0
1965.0	1.0
1966.0	1.0
1967.0	2.0
1968.0	2.0
1969.0	2.0
1970.0	1.0
1972.0	1.0
1975.0	1.0
1979.0	2.0
1981.0	1.0
1982.0	1.0
1984.0	2.0
1985.0	1.0
1986.0	1.0
1987.0	1.0
1988.0	1.0
1993.0	2.0
1994.0	1.0
1995.0	1.0
1998.0	1.0
2006.0	1.0
2007.0	1.0
2009.0	1.0
2010.0	1.0
2012.0	1.0
2017.0	1.0
2020.0	2.0
2021.0	2.0
2023.0	1.0
2024.0	1.0
2025.0	3.0
2027.0	3.0
2028.0	2.0
2031.0	4.0
2032.0	1.0
2033.0	3.0
2035.0	1.0
2036.0	1.0
2037.0	1.0
2038.0	1.0
2040.0	1.0
2041.0	1.0
2042.0	2.0
2044.0	1.0
2045.0	2.0
2046.0	3.0
2047.0	2.0
2048.0	1.0
2050.0	1.0
2051.0	2.0
2052.0	3.0
2054.0	2.0
2055.0	1.0
2056.0	2.0
2057.0	1.0
2058.0	1.0
2059.0	1.0
2060.0	1.0
2061.0	3.0
2062.0	2.0
2063.0	2.0
2064.0	1.0
2065.0	2.0
2067.0	1.0
2068.0	2.0
2070.0	2.0
2071.0	2.0
2072.0	3.0
2077.0	1.0
2085.0	1.0
2090.0	2.0
2091.0	1.0
2093.0	1.0
2095.0	2.0
2097.0	1.0
2105.0	1.0
2106.0	1.0
2107.0	2.0
2112.0	2.0
2123.0	1.0
2125.0	1.0
2146.0	1.0
2152.0	1.0
2160.0	1.0
2164.0	1.0
2167.0	1.0
2187.0	1.0
2194.0	1.0
2216.0	1.0
2229.0	1.0
2251.0	1.0
2252.0	1.0
2290.0	1.0
2293.0	1.0
2332.0	1.0
2361.0	1.0
2368.0	1.0
2373.0	1.0
2374.0	1.0
2379.0	1.0
2394.0	1.0
2399.0	1.0
2409.0	1.0
2416.0	1.0
2418.0	1.0
2420.0	1.0
2431.0	1.0
2433.0	1.0
2455.0	1.0
2463.0	1.0
2467.0	1.0
2469.0	1.0
2472.0	1.0
2488.0	1.0
2492.0	1.0
2497.0	1.0
2514.0	1.0
2525.0	1.0
2526.0	1.0
2529.0	1.0
2540.0	1.0
2547.0	1.0
2563.0	1.0
2591.0	1.0
2592.0	1.0
2604.0	1.0
2626.0	1.0
2631.0	1.0
2636.0	2.0
2654.0	1.0
2660.0	2.0
2662.0	1.0
2665.0	1.0
2672.0	1.0
2677.0	1.0
2692.0	1.0
2695.0	1.0
2697.0	1.0
2711.0	1.0
2720.0	1.0
2724.0	1.0
2728.0	2.0
2738.0	1.0
2739.0	1.0
2740.0	1.0
2750.0	1.0
2753.0	1.0
2763.0	1.0
2764.0	1.0
2769.0	2.0
2781.0	1.0
2792.0	1.0
2800.0	1.0
2814.0	1.0
2819.0	1.0
2823.0	2.0
2837.0	1.0
2849.0	1.0
2857.0	1.0
2861.0	1.0
2866.0	1.0
2868.0	1.0
2869.0	2.0
2875.0	1.0
2876.0	1.0
2892.0	1.0
2897.0	1.0
2909.0	1.0
2921.0	1.0
2927.0	1.0
2932.0	1.0
2933.0	1.0
2934.0	1.0
2943.0	1.0
2953.0	1.0
2956.0	1.0
2980.0	1.0
2984.0	1.0
3001.0	1.0
3008.0	1.0
3009.0	1.0
3027.0	1.0
3042.0	1.0
3060.0	1.0
3077.0	1.0
3087.0	1.0
3090.0	1.0
3094.0	1.0
3099.0	1.0
3104.0	1.0
3109.0	2.0
3135.0	1.0
3145.0	1.0
3159.0	1.0
3163.0	1.0
3170.0	1.0
3180.0	1.0
3183.0	1.0
3184.0	1.0
3195.0	1.0
3202.0	1.0
3203.0	1.0
3204.0	1.0
3208.0	1.0
3214.0	1.0
3220.0	1.0
3227.0	1.0
3229.0	1.0
3232.0	1.0
3246.0	1.0
3261.0	2.0
3264.0	1.0
3265.0	1.0
3269.0	1.0
3270.0	1.0
3271.0	1.0
3273.0	1.0
3280.0	1.0
3285.0	1.0
3286.0	1.0
3288.0	1.0
3309.0	1.0
3321.0	1.0
3325.0	2.0
3326.0	1.0
3327.0	1.0
3334.0	1.0
3345.0	1.0
3346.0	1.0
3350.0	1.0
3365.0	1.0
3366.0	1.0
3368.0	1.0
3381.0	1.0
3382.0	1.0
3391.0	1.0
3397.0	1.0
3409.0	1.0
3419.0	1.0
3430.0	2.0
3436.0	1.0
3442.0	2.0
3447.0	1.0
3457.0	1.0
3466.0	1.0
3474.0	1.0
3488.0	1.0
3495.0	1.0
3505.0	1.0
3507.0	1.0
3510.0	1.0
3511.0	1.0
3514.0	1.0
3515.0	1.0
3517.0	1.0
3522.0	2.0
3523.0	1.0
3528.0	1.0
3529.0	1.0
3532.0	1.0
3534.0	1.0
3535.0	1.0
3537.0	1.0
3544.0	1.0
3547.0	1.0
3554.0	1.0
3555.0	1.0
3556.0	1.0
3562.0	1.0
3563.0	2.0
3564.0	1.0
3570.0	1.0
3572.0	1.0
3593.0	1.0
3607.0	1.0
3609.0	1.0
3610.0	2.0
3611.0	1.0
3612.0	1.0
