#Insert size (bp)	insert size
1.0	13.0
2.0	29.0
3.0	34.0
4.0	23.0
5.0	30.0
6.0	26.0
7.0	33.0
8.0	26.0
9.0	23.0
10.0	47.0
11.0	31.0
12.0	39.0
13.0	58.0
14.0	60.0
15.0	61.0
16.0	43.0
17.0	61.0
18.0	56.0
19.0	4419.0
20.0	1886.0
21.0	699.0
22.0	327.0
23.0	214.0
24.0	149.0
25.0	180.0
26.0	152.0
27.0	147.0
28.0	150.0
29.0	123.0
30.0	161.0
31.0	156.0
32.0	179.0
33.0	195.0
34.0	174.0
35.0	179.0
36.0	240.0
37.0	224.0
38.0	209.0
39.0	226.0
40.0	257.0
41.0	237.0
42.0	249.0
43.0	281.0
44.0	318.0
45.0	292.0
46.0	322.0
47.0	354.0
48.0	388.0
49.0	432.0
50.0	402.0
51.0	432.0
52.0	511.0
53.0	534.0
54.0	694.0
55.0	710.0
56.0	778.0
57.0	750.0
58.0	783.0
59.0	929.0
60.0	1002.0
61.0	1088.0
62.0	1222.0
63.0	1302.0
64.0	1486.0
65.0	1662.0
66.0	1869.0
67.0	2103.0
68.0	2362.0
69.0	2814.0
70.0	3133.0
71.0	3565.0
72.0	4060.0
73.0	4596.0
74.0	5333.0
75.0	6367.0
76.0	7272.0
77.0	8125.0
78.0	9788.0
79.0	11262.0
80.0	12971.0
81.0	15077.0
82.0	17428.0
83.0	20204.0
84.0	23155.0
85.0	26336.0
86.0	30681.0
87.0	35027.0
88.0	39661.0
89.0	45563.0
90.0	51240.0
91.0	58158.0
92.0	65378.0
93.0	73505.0
94.0	82457.0
95.0	92375.0
96.0	101739.0
97.0	112946.0
98.0	123941.0
99.0	136003.0
100.0	148023.0
101.0	161711.0
102.0	175417.0
103.0	190168.0
104.0	203614.0
105.0	218982.0
106.0	232475.0
107.0	247869.0
108.0	260938.0
109.0	275712.0
110.0	289965.0
111.0	303938.0
112.0	315967.0
113.0	329291.0
114.0	341751.0
115.0	353909.0
116.0	365045.0
117.0	375968.0
118.0	386058.0
119.0	393792.0
120.0	401911.0
121.0	410040.0
122.0	417435.0
123.0	423770.0
124.0	430196.0
125.0	436881.0
126.0	440344.0
127.0	443405.0
128.0	448175.0
129.0	450898.0
130.0	452790.0
131.0	455008.0
132.0	455577.0
133.0	455817.0
134.0	456251.0
135.0	457371.0
136.0	456821.0
137.0	456072.0
138.0	454554.0
139.0	452736.0
140.0	452265.0
141.0	449564.0
142.0	447977.0
143.0	445732.0
144.0	442040.0
145.0	440657.0
146.0	438274.0
147.0	435678.0
148.0	431012.0
149.0	426960.0
150.0	424759.0
151.0	419961.0
152.0	416173.0
153.0	412824.0
154.0	409550.0
155.0	405368.0
156.0	400869.0
157.0	396889.0
158.0	392766.0
159.0	388033.0
160.0	383928.0
161.0	379997.0
162.0	376163.0
163.0	370639.0
164.0	365981.0
165.0	361902.0
166.0	357559.0
167.0	353703.0
168.0	349954.0
169.0	345730.0
170.0	340045.0
171.0	336150.0
172.0	331961.0
173.0	327308.0
174.0	322505.0
175.0	318849.0
176.0	313815.0
177.0	308743.0
178.0	304498.0
179.0	301249.0
180.0	296259.0
181.0	292573.0
182.0	287645.0
183.0	283145.0
184.0	279163.0
185.0	274947.0
186.0	270559.0
187.0	265760.0
188.0	262597.0
189.0	257596.0
190.0	254254.0
191.0	250335.0
192.0	246156.0
193.0	242524.0
194.0	236763.0
195.0	234215.0
196.0	229948.0
197.0	226865.0
198.0	223419.0
199.0	219441.0
200.0	214867.0
201.0	211713.0
202.0	208086.0
203.0	204829.0
204.0	199525.0
205.0	197653.0
206.0	193346.0
207.0	189930.0
208.0	187974.0
209.0	183369.0
210.0	179947.0
211.0	176846.0
212.0	172495.0
213.0	169693.0
214.0	166840.0
215.0	164346.0
216.0	160578.0
217.0	157428.0
218.0	154768.0
219.0	151750.0
220.0	148571.0
221.0	145456.0
222.0	142736.0
223.0	140805.0
224.0	137094.0
225.0	135331.0
226.0	131967.0
227.0	129412.0
228.0	126749.0
229.0	124701.0
230.0	122081.0
231.0	119520.0
232.0	116960.0
233.0	114521.0
234.0	112102.0
235.0	109684.0
236.0	107153.0
237.0	104920.0
238.0	103351.0
239.0	101138.0
240.0	98754.0
241.0	96911.0
242.0	94667.0
243.0	93354.0
244.0	90941.0
245.0	88916.0
246.0	86932.0
247.0	85516.0
248.0	83536.0
249.0	81482.0
250.0	79450.0
251.0	78477.0
252.0	76601.0
253.0	74705.0
254.0	72975.0
255.0	71026.0
256.0	69103.0
257.0	68501.0
258.0	66898.0
259.0	65607.0
260.0	64112.0
261.0	62480.0
262.0	60666.0
263.0	59708.0
264.0	58337.0
265.0	56904.0
266.0	55796.0
267.0	54576.0
268.0	53472.0
269.0	52099.0
270.0	50749.0
271.0	49353.0
272.0	48495.0
273.0	47234.0
274.0	46443.0
275.0	45145.0
276.0	43663.0
277.0	42797.0
278.0	41994.0
279.0	40940.0
280.0	39674.0
281.0	38787.0
282.0	38221.0
283.0	37235.0
284.0	36455.0
285.0	35355.0
286.0	34618.0
287.0	33885.0
288.0	32863.0
289.0	32214.0
290.0	31379.0
291.0	30686.0
292.0	29844.0
293.0	29086.0
294.0	28756.0
295.0	27765.0
296.0	27218.0
297.0	26072.0
298.0	25739.0
299.0	24998.0
300.0	24326.0
301.0	23953.0
302.0	23256.0
303.0	22497.0
304.0	22225.0
305.0	21549.0
306.0	21129.0
307.0	20513.0
308.0	19929.0
309.0	19365.0
310.0	18995.0
311.0	18437.0
312.0	18165.0
313.0	17680.0
314.0	17199.0
315.0	16731.0
316.0	16217.0
317.0	16074.0
318.0	15323.0
319.0	14800.0
320.0	14753.0
321.0	14070.0
322.0	13872.0
323.0	13515.0
324.0	13258.0
325.0	12653.0
326.0	12479.0
327.0	12214.0
328.0	11750.0
329.0	11713.0
330.0	11312.0
331.0	10807.0
332.0	10512.0
333.0	10317.0
334.0	10107.0
335.0	10012.0
336.0	9496.0
337.0	9406.0
338.0	9224.0
339.0	8957.0
340.0	8519.0
341.0	8311.0
342.0	8207.0
343.0	7820.0
344.0	7929.0
345.0	7515.0
346.0	7415.0
347.0	7212.0
348.0	6829.0
349.0	6666.0
350.0	6445.0
351.0	6370.0
352.0	6255.0
353.0	5971.0
354.0	5932.0
355.0	5939.0
356.0	5607.0
357.0	5483.0
358.0	5348.0
359.0	5067.0
360.0	5126.0
361.0	4940.0
362.0	4741.0
363.0	4606.0
364.0	4552.0
365.0	4406.0
366.0	4314.0
367.0	4093.0
368.0	4147.0
369.0	4053.0
370.0	3746.0
371.0	3652.0
372.0	3609.0
373.0	3559.0
374.0	3375.0
375.0	3299.0
376.0	3228.0
377.0	3276.0
378.0	3072.0
379.0	2893.0
380.0	2848.0
381.0	2778.0
382.0	2676.0
383.0	2579.0
384.0	2410.0
385.0	2471.0
386.0	2276.0
387.0	2293.0
388.0	2086.0
